[conjecture_answer] Formal Problem Statement: import Mathlib

open Nat Set

noncomputable abbrev omnimath1003_answer : ℝ := sorry
theorem omnimath1003
    (P : ℝ × ℝ × ℝ → Prop)
    (hP : ∀ x y z : ℝ, P (x, y, z) ↔ x > 0 ∧ y > 0 ∧ z > 0 ∧ x * y + z = (x + z) * (y + z)) :
    IsGreatest {a | ∃ x y z : ℝ, P (x, y, z) ∧ a = x * y * z} omnimath1003_answer :=
  sorry
. Enumerated answers: x=0.01, y=0.01, z=0.98, xyz=0.00010
x=0.01, y=0.02, z=0.97, xyz=0.00019
x=0.01, y=0.03, z=0.96, xyz=0.00029
x=0.01, y=0.04, z=0.95, xyz=0.00038
x=0.01, y=0.05, z=0.94, xyz=0.00047
x=0.01, y=0.06, z=0.93, xyz=0.00056
x=0.01, y=0.07, z=0.92, xyz=0.00064
x=0.01, y=0.08, z=0.91, xyz=0.00073
x=0.01, y=0.09, z=0.90, xyz=0.00081
x=0.01, y=0.10, z=0.89, xyz=0.00089
x=0.01, y=0.11, z=0.88, xyz=0.00097
x=0.01, y=0.12, z=0.87, xyz=0.00104
x=0.01, y=0.13, z=0.86, xyz=0.00112
x=0.01, y=0.14, z=0.85, xyz=0.00119
x=0.01, y=0.15, z=0.84, xyz=0.00126
x=0.01, y=0.16, z=0.83, xyz=0.00133
x=0.01, y=0.17, z=0.82, xyz=0.00139
x=0.01, y=0.18, z=0.81, xyz=0.00146
x=0.01, y=0.19, z=0.80, xyz=0.00152
x=0.01, y=0.20, z=0.79, xyz=0.00158
x=0.01, y=0.21, z=0.78, xyz=0.00164
x=0.01, y=0.22, z=0.77, xyz=0.00169
x=0.01, y=0.23, z=0.76, xyz=0.00175
x=0.01, y=0.24, z=0.75, xyz=0.00180
x=0.01, y=0.25, z=0.74, xyz=0.00185
x=0.01, y=0.26, z=0.73, xyz=0.00190
x=0.01, y=0.27, z=0.72, xyz=0.00194
x=0.01, y=0.28, z=0.71, xyz=0.00199
x=0.01, y=0.29, z=0.70, xyz=0.00203
x=0.01, y=0.30, z=0.69, xyz=0.00207
x=0.01, y=0.31, z=0.68, xyz=0.00211
x=0.01, y=0.32, z=0.67, xyz=0.00214
x=0.01, y=0.33, z=0.66, xyz=0.00218
x=0.01, y=0.34, z=0.65, xyz=0.00221
x=0.01, y=0.35, z=0.64, xyz=0.00224
x=0.01, y=0.36, z=0.63, xyz=0.00227
x=0.01, y=0.37, z=0.62, xyz=0.00229
x=0.01, y=0.38, z=0.61, xyz=0.00232
x=0.01, y=0.39, z=0.60, xyz=0.00234
x=0.01, y=0.40, z=0.59, xyz=0.00236
x=0.01, y=0.41, z=0.58, xyz=0.00238
x=0.01, y=0.42, z=0.57, xyz=0.00239
x=0.01, y=0.43, z=0.56, xyz=0.00241
x=0.01, y=0.44, z=0.55, xyz=0.00242
x=0.01, y=0.45, z=0.54, xyz=0.00243
x=0.01, y=0.46, z=0.53, xyz=0.00244
x=0.01, y=0.47, z=0.52, xyz=0.00244
x=0.01, y=0.48, z=0.51, xyz=0.00245
x=0.01, y=0.49, z=0.50, xyz=0.00245
x=0.01, y=0.50, z=0.49, xyz=0.00245
x=0.01, y=0.51, z=0.48, xyz=0.00245
x=0.01, y=0.52, z=0.47, xyz=0.00244
x=0.01, y=0.53, z=0.46, xyz=0.00244
x=0.01, y=0.54, z=0.45, xyz=0.00243
x=0.01, y=0.55, z=0.44, xyz=0.00242
x=0.01, y=0.56, z=0.
Output cuts off here.. Expected Answer Type: ℝ
<<<(1/3)^(1/3) * (1/3)^(1/3) * (1/3)^(1/3)>>>  
Explanation: The condition simplifies to a symmetric relation suggesting x = y = z; the sum constraint adapts so the maximum product under given conditions is at x=y=z=1/3, yielding (1/3)^3.