[conjecture_answer] Formal Problem Statement: import Mathlib

open Nat Topology Filter

noncomputable abbrev omnimath2878_answer : ℝ := sorry
theorem omnimath2878
(otimes : ℝ → ℝ → ℝ)
(hotimes : otimes = (λ a b : ℝ => a / b + b / a))
: otimes 4 8 = omnimath2878_answer :=
sorry
. Enumerated answers: Enumerating otimes(a,b) for a,b in [1..10]:
otimes(1,1) = 2.0
otimes(1,2) = 2.5
otimes(1,3) = 3.3333333333333335
otimes(1,4) = 4.25
otimes(1,5) = 5.2
otimes(1,6) = 6.166666666666667
otimes(1,7) = 7.142857142857143
otimes(1,8) = 8.125
otimes(1,9) = 9.11111111111111
otimes(1,10) = 10.1
otimes(2,1) = 2.5
otimes(2,2) = 2.0
otimes(2,3) = 2.1666666666666665
otimes(2,4) = 2.5
otimes(2,5) = 2.9
otimes(2,6) = 3.3333333333333335
otimes(2,7) = 3.7857142857142856
otimes(2,8) = 4.25
otimes(2,9) = 4.722222222222222
otimes(2,10) = 5.2
otimes(3,1) = 3.3333333333333335
otimes(3,2) = 2.1666666666666665
otimes(3,3) = 2.0
otimes(3,4) = 2.083333333333333
otimes(3,5) = 2.2666666666666666
otimes(3,6) = 2.5
otimes(3,7) = 2.761904761904762
otimes(3,8) = 3.0416666666666665
otimes(3,9) = 3.3333333333333335
otimes(3,10) = 3.6333333333333333
otimes(4,1) = 4.25
otimes(4,2) = 2.5
otimes(4,3) = 2.083333333333333
otimes(4,4) = 2.0
otimes(4,5) = 2.05
otimes(4,6) = 2.1666666666666665
otimes(4,7) = 2.321428571428571
otimes(4,8) = 2.5
otimes(4,9) = 2.6944444444444446
otimes(4,10) = 2.9
otimes(5,1) = 5.2
otimes(5,2) = 2.9
otimes(5,3) = 2.2666666666666666
otimes(5,4) = 2.05
otimes(5,5) = 2.0
otimes(5,6) = 2.033333333333333
otimes(5,7) = 2.1142857142857143
otimes(5,8) = 2.225
otimes(5,9) = 2.3555555555555556
otimes(5,10) = 2.5
otimes(6,1) = 6.166666666666667
otimes(6,2) = 3.3333333333333335
otimes(6,3) = 2.5
otimes(6,4) = 2.1666666666666665
otimes(6,5) = 2.033333333333333
otimes(6,6) = 2.0
otimes(6,7) = 2.0238095238095237
otimes(6,8) = 2.083333333333333
otimes(6,9) = 2.1666666666666665
otimes(6,10) = 2.2666666666666666
otimes(7,1) = 7.142857142857143
otimes(7,2) = 3.7857142857142856
otimes(7,3) = 2.761904761904762
otimes(7,4) = 2.321428571428571
otimes(7,5) = 2.1142857142857143
otimes(7,6) = 2.0238095238095237
otimes(7,7) = 2.0
otimes(7,8) = 2.017857142857143
otimes(7,9) = 2.0634920634920637
otimes(7,10) = 2.1285714285714286
otimes(8,1) = 8.125
otimes(8,2) = 4.25
otimes(8,3) = 3.0416666666666665
otimes(8,
Output cuts off here.. Expected Answer Type: ℝ
<<<4 / 8 + 8 / 4>>>