[conjecture_answer] Formal Problem Statement: import Mathlib

open Nat

abbrev omnimath2754_answer : ℕ := sorry
theorem omnimath2754 : 
  IsLeast {n : ℕ | ∃ (a b c : ℕ), a < b ∧ b < c ∧ c < n ∧ a + b + c + n = 100} omnimath2754_answer := by sorry. Enumerated answers: Found n=27, a=22, b=25, c=26
Found n=27, a=23, b=24, c=26
Candidates for n: 27
Found n=28, a=19, b=26, c=27
Found n=28, a=20, b=25, c=27
Found n=28, a=21, b=24, c=27
Found n=28, a=21, b=25, c=26
Found n=28, a=22, b=23, c=27
Found n=28, a=22, b=24, c=26
Found n=28, a=23, b=24, c=25
Candidates for n: 28
Found n=29, a=16, b=27, c=28
Found n=29, a=17, b=26, c=28
Found n=29, a=18, b=25, c=28
Found n=29, a=18, b=26, c=27
Found n=29, a=19, b=24, c=28
Found n=29, a=19, b=25, c=27
Found n=29, a=20, b=23, c=28
Found n=29, a=20, b=24, c=27
Found n=29, a=20, b=25, c=26
Found n=29, a=21, b=22, c=28
Found n=29, a=21, b=23, c=27
Found n=29, a=21, b=24, c=26
Found n=29, a=22, b=23, c=26
Found n=29, a=22, b=24, c=25
Candidates for n: 29
Found n=30, a=13, b=28, c=29
Found n=30, a=14, b=27, c=29
Found n=30, a=15, b=26, c=29
Found n=30, a=15, b=27, c=28
Found n=30, a=16, b=25, c=29
Found n=30, a=16, b=26, c=28
Found n=30, a=17, b=24, c=29
Found n=30, a=17, b=25, c=28
Found n=30, a=17, b=26, c=27
Found n=30, a=18, b=23, c=29
Found n=30, a=18, b=24, c=28
Found n=30, a=18, b=25, c=27
Found n=30, a=19, b=22, c=29
Found n=30, a=19, b=23, c=28
Found n=30, a=19, b=24, c=27
Found n=30, a=19, b=25, c=26
Found n=30, a=20, b=21, c=29
Found n=30, a=20, b=22, c=28
Found n=30, a=20, b=23, c=27
Found n=30, a=20, b=24, c=26
Found n=30, a=21, b=22, c=27
Found n=30, a=21, b=23, c=26
Found n=30, a=21, b=24, c=25
Found n=30, a=22, b=23, c=25
Candidates for n: 30
Found n=31, a=10, b=29, c=30
Found n=31, a=11, b=28, c=30
Found n=31, a=12, b=27, c=30
Found n=31, a=12, b=28, c=29
Found n=31, a=13, b=26, c=30
Found n=31, a=13, b=27, c=29
Found n=31, a=14, b=25, c=30
Found n=31, a=14, b=26, c=29
Found n=31, a=14, b=27, c=28
Found n=31, a=15, b=24, c=30
Found n=31, a=15, b=25, c=29
Found n=31, a=15, b=26, c=28
Found n=31, a=16, b=23, c=30
Found n=31, a=16, b=24, c=29
Found n=31, a=16, b=25, c=28
Found n=31, a=16, b=26, c=27
Found n=31, a=17, b=22, c=30
Found n=31, a=17, b=23, c=29
Found n=31, a=17, b=24, c=28
Fo
Output cuts off here.. Expected Answer Type: ℕ
<<<27>>>