[conjecture_answer] Formal Problem Statement: import Mathlib

open Nat

noncomputable abbrev omnimath2309_answer : ℕ → ℕ → ℝ := sorry
theorem omnimath2309 (x y : ℕ) (hx : x ≤ 5) (hy : y ≤ 5) :
  let total_paths := Nat.choose 10 5
  let blocked_paths := Nat.choose (x + y) x * Nat.choose (10 - x - y) (5 - x)
  (total_paths - blocked_paths : ℝ) / 36 = omnimath2309_answer x y := by sorry. Enumerated answers: Total paths: 252
(x, y) | Value
---------------
(0, 0) | 0.0
(0, 1) | 3.5
(0, 2) | 5.444444444444445
(0, 3) | 6.416666666666667
(0, 4) | 6.833333333333333
(0, 5) | 6.972222222222222
(1, 0) | 3.5
(1, 1) | 3.111111111111111
(1, 2) | 4.083333333333333
(1, 3) | 5.333333333333333
(1, 4) | 6.305555555555555
(1, 5) | 6.833333333333333
(2, 0) | 5.444444444444445
(2, 1) | 4.083333333333333
(2, 2) | 3.6666666666666665
(2, 3) | 4.222222222222222
(2, 4) | 5.333333333333333
(2, 5) | 6.416666666666667
(3, 0) | 6.416666666666667
(3, 1) | 5.333333333333333
(3, 2) | 4.222222222222222
(3, 3) | 3.6666666666666665
(3, 4) | 4.083333333333333
(3, 5) | 5.444444444444445
(4, 0) | 6.833333333333333
(4, 1) | 6.305555555555555
(4, 2) | 5.333333333333333
(4, 3) | 4.083333333333333
(4, 4) | 3.111111111111111
(4, 5) | 3.5
(5, 0) | 6.972222222222222
(5, 1) | 6.833333333333333
(5, 2) | 6.416666666666667
(5, 3) | 5.444444444444445
(5, 4) | 3.5
(5, 5) | 0.0. Expected Answer Type: ℕ → ℕ → ℝ
<<<fun x y : ℕ => (252 - Nat.choose (x + y) x * Nat.choose (10 - x - y) (5 - x)) / 36>>>