[conjecture_answer] Formal Problem Statement: import Mathlib

open Topology Filter Polynomial

noncomputable abbrev omnimath572_answer : ℝ := sorry
theorem omnimath572
  (A : ℕ → ℝ)
  (hA012 : A 0 = 0 ∧ A 1 = 1 ∧ A 2 = 2)
  (hAn : ∀ n, A (n + 3) = (A (n + 2) + A (n + 1) + A n) / 3 + 1 / ((n + 3) ^ 4 - (n + 3) ^ 2)) :
  Tendsto A atTop (𝓝 omnimath572_answer) := by sorry. Enumerated answers: A(0) = 0.0
A(1) = 1.0
A(2) = 2.0
A(3) = 1.0138888888888888
A(4) = 1.3421296296296297
A(5) = 1.4536728395061729
A(6) = 1.2706907701352146
A(7) = 1.3559229164916993
A(8) = 1.3603435245840447
A(9) = 1.3291400580579738
A(10) = 1.3485698431455826
A(11) = 1.3460866791192831
A(12) = 1.3413140893228424
A(13) = 1.3453587583849698
A(14) = 1.3442793399209103
A(15) = 1.3436705704794154
A(16) = 1.3444515415558829
A(17) = 1.3441458319285018
A(18) = 1.3440988701337115
A(19) = 1.3442397758813167
A(20) = 1.3441677583120037
A(21) = 1.3441739550189262
A(22) = 1.3441981074096774
A(23) = 1.3441835204725667
A(24) = 1.3441882136240617
A(25) = 1.3441925112713327
A(26) = 1.3441902733299735
A(27) = 1.3441922170029328
A(28) = 1.344193296205505
A(29) = 1.3441933443945204
A(30) = 1.3441941884754887
A(31) = 1.344194693632178
A(32) = 1.3441950301072785
A(33) = 1.3441954814064943
A(34) = 1.3441958173446704
A(35) = 1.3441961098862543
A(36) = 1.3441963987130685
A(37) = 1.3441966426101248
A(38) = 1.34419686365386
A(39) = 1.3441970675332695
A(40) = 1.3441972488017113
A(41) = 1.344197414093898
A(42) = 1.3441975650267317
A(43) = 1.3441977019659332
A(44) = 1.344197827302201
A(45) = 1.3441979420840398
A(46) = 1.3441980472307682
A(47) = 1.3441981438965784
A(48) = 1.3441982328657052
A(49) = 1.3441983148698207
A(50) = 1.3441983906080603. Expected Answer Type: ℝ
Looking at the enumerated answers, the sequence appears to be converging to approximately 1.344198. The recurrence relation has a linear part (A(n+3) = average of previous 3 terms) and a perturbation term. The limit should satisfy x = (x + x + x)/3 + lim (1/(n^4-n^2)) = x + 0, suggesting the linear part alone would make the sequence constant. However, the perturbation term's infinite sum contributes to the final limit.

<<<(1 + Real.exp (2 * Real.pi / Real.sqrt 3) + Real.exp (-2 * Real.pi / Real.sqrt 3)) / 3>>>