[conjecture_answer] Formal Problem Statement: import Mathlib

open Nat Topology Filter

abbrev mathodyssey52_answer : ℝ := sorry
theorem mathodyssey52
(a : ℕ → ℝ)
(ha1 : a 1 = 1)
(ha : ∀ n ≥ 1, a (n + 1) = (Real.sqrt 3 * a n + 1) / (Real.sqrt 3 - a n))
: (∑ n in Finset.Icc 1 2022, a n = mathodyssey52_answer) := by sorry. Enumerated answers: Terms a_n:
a_1 = 1.0000000000
a_2 = 3.7320508076
a_3 = -3.7320508076
a_4 = -1.0000000000
a_5 = -0.2679491924
a_6 = 0.2679491924
a_7 = 1.0000000000
a_8 = 3.7320508076
a_9 = -3.7320508076
a_10 = -1.0000000000
a_11 = -0.2679491924
a_12 = 0.2679491924

Partial sums S_n = sum_{k=1}^n a_k:
S_1 = 1.0000000000
S_2 = 4.7320508076
S_3 = 1.0000000000
S_4 = 0.0000000000
S_5 = -0.2679491924
S_6 = 0.0000000000
S_7 = 1.0000000000
S_8 = 4.7320508076
S_9 = 1.0000000000
S_10 = 0.0000000000
S_11 = -0.2679491924
S_12 = 0.0000000000. Expected Answer Type: ℝ
From the enumerated answers, we observe a periodic pattern with period 6 in both the sequence a_n and the partial sums S_n. The partial sums reset every 6 terms, with S_6 = 0, S_12 = 0, etc. For n=2022, which is 6*337, the sum should be 0. 

<<<0>>>