[conjecture_answer] Formal Problem Statement: import Mathlib

open Nat Real Filter

noncomputable abbrev omnimath1156_answer : ℝ × ℝ := sorry
theorem omnimath1156 :
    ∀ (E : ℕ → ℝ), 
    (∀ k, E k = if k ≤ 0 then 0 else 1 + (E (k-1) + E (k-2))/2) → 
    Tendsto (fun n => E n - omnimath1156_answer.fst * n - omnimath1156_answer.snd) atTop (nhds 0) := by sorry. Enumerated answers: E(2) = 1.0
E(3) = 1.5
E(4) = 2.25
E(5) = 2.875
E(6) = 3.5625
E(7) = 4.21875
E(8) = 4.890625
E(9) = 5.5546875
E(10) = 6.22265625
E(11) = 6.888671875
E(12) = 7.5556640625
E(13) = 8.22216796875
E(14) = 8.888916015625
E(15) = 9.5555419921875
E(16) = 10.22222900390625
E(17) = 10.888885498046875
E(18) = 11.555557250976562
E(19) = 12.222221374511719
Differences between consecutive terms: [0, 1.0, 0.5, 0.75, 0.625, 0.6875, 0.65625, 0.671875, 0.6640625, 0.66796875, 0.666015625, 0.6669921875, 0.66650390625, 0.666748046875, 0.6666259765625, 0.66668701171875, 0.666656494140625, 0.6666717529296875, 0.6666641235351562]
Approximate linear growth (slope): 0.6666610717773438. Expected Answer Type: ℝ × ℝ
<<<(1/3, 1/2)>>>