[conjecture_answer] Formal Problem Statement: import Mathlib

open Nat Set

noncomputable abbrev omnimath1003_answer : ℝ := sorry
theorem omnimath1003
    (P : ℝ × ℝ × ℝ → Prop)
    (hP : ∀ x y z : ℝ, P (x, y, z) ↔ x > 0 ∧ y > 0 ∧ z > 0 ∧ x * y + z = (x + z) * (y + z)) :
    IsGreatest {a | ∃ x y z : ℝ, P (x, y, z) ∧ a = x * y * z} omnimath1003_answer :=
  sorry
. Enumerated answers: x=0.0100, y=0.0100, z=0.9800, product=0.000098
x=0.0100, y=0.0300, z=0.9600, product=0.000288
x=0.0100, y=0.0500, z=0.9400, product=0.000470
x=0.0100, y=0.0700, z=0.9200, product=0.000644
x=0.0100, y=0.0900, z=0.9000, product=0.000810
x=0.0100, y=0.1100, z=0.8800, product=0.000968
x=0.0100, y=0.1300, z=0.8600, product=0.001118
x=0.0100, y=0.1500, z=0.8400, product=0.001260
x=0.0100, y=0.1700, z=0.8200, product=0.001394
x=0.0100, y=0.1900, z=0.8000, product=0.001520
x=0.0100, y=0.2100, z=0.7800, product=0.001638
x=0.0100, y=0.2300, z=0.7600, product=0.001748
x=0.0100, y=0.2500, z=0.7400, product=0.001850
x=0.0100, y=0.2700, z=0.7200, product=0.001944
x=0.0100, y=0.2900, z=0.7000, product=0.002030
x=0.0100, y=0.3100, z=0.6800, product=0.002108
x=0.0100, y=0.3300, z=0.6600, product=0.002178
x=0.0100, y=0.3500, z=0.6400, product=0.002240
x=0.0100, y=0.3700, z=0.6200, product=0.002294
x=0.0100, y=0.3900, z=0.6000, product=0.002340
x=0.0100, y=0.4100, z=0.5800, product=0.002378
x=0.0100, y=0.4300, z=0.5600, product=0.002408
x=0.0100, y=0.4500, z=0.5400, product=0.002430
x=0.0100, y=0.4700, z=0.5200, product=0.002444
x=0.0100, y=0.4900, z=0.5000, product=0.002450
x=0.0100, y=0.5100, z=0.4800, product=0.002448
x=0.0100, y=0.5300, z=0.4600, product=0.002438
x=0.0100, y=0.5500, z=0.4400, product=0.002420
x=0.0100, y=0.5700, z=0.4200, product=0.002394
x=0.0100, y=0.5900, z=0.4000, product=0.002360
x=0.0100, y=0.6100, z=0.3800, product=0.002318
x=0.0100, y=0.6300, z=0.3600, product=0.002268
x=0.0100, y=0.6500, z=0.3400, product=0.002210
x=0.0100, y=0.6700, z=0.3200, product=0.002144
x=0.0100, y=0.6900, z=0.3000, product=0.002070
x=0.0100, y=0.7100, z=0.2800, product=0.001988
x=0.0100, y=0.7300, z=0.2600, product=0.001898
x=0.0100, y=0.7500, z=0.2400, product=0.001800
x=0.0100, y=0.7700, z=0.2200, product=0.001694
x=0.0100, y=0.7900, z=0.2000, product=0.001580
x=0.0100, y=0.8100, z=0.1800, product=0.001458
x=0.0100, y=0.8300, z=0.1600, product=0.001328
x=0.0100, y=0.8500, z=0.14
Output cuts off here.. Expected Answer Type: ℝ
<<<(1/100) * (3/100) * (49/50)>>>

The maximum product occurs near x=0.01, y≈0.49, z≈0.50, based on the pattern; the product approaches (1/100)×(3/100)×(49/50).