"name"	"correct"
"IMO2011SLC4"	"0"
"IMO2011SLC5"	"0"
"IMO2012SLC2"	"0"
"IMO2012SLN5"	"0"
"IMO2012SLN6"	"0"
"IMO2012SLN7"	"0"
"IMO2013SLC1"	"0"
"IMO2013SLN1"	"0"
"IMO2013SLN4"	"0"
"IMO2013SLN6"	"0"
"IMO2014SLN1"	"0"
"IMO2015SLN7"	"0"
"IMO2016SLC2"	"0"
"IMO2016SLC4"	"0"
"IMO2017SLN4"	"0"
"IMO2017SLN5"	"0"
"IMO2017SLN6"	"0"
"IMO2018SLC2"	"0"
"IMO2018SLN5"	"0"
"IMO2019SLN2"	"0"
"IMO2019SLN3"	"0"
"IMO2019SLN4"	"0"
"IMO2020SLN3"	"0"
"IMO2020SLN5"	"0"
"IMO2021SLN3"	"0"
"IMO2022SLC2"	"0"
"IMO2022SLN1"	"0"
"IMO2022SLN2"	"0"
"IMO2022SLN4"	"0"
"IMO2023SLA1"	"0"
"IMO2023SLA4"	"0"
"IMO2023SLC1"	"0"
"IMO2023SLN4"	"0"
"IMO2023SLN7"	"0"
"IMO2023SLN8"	"0"
"IMO2024P1"	"0"
"P2000AIMEII_1"	"1"
"P2000AIMEII_13"	"0"
"P2000AIMEII_15"	"0"
"P2000AIMEII_2"	"0"
"P2000AIMEII_4"	"0"
"P2000AIMEII_5"	"2"
"P2000AIMEII_7"	"0"
"P2000AIMEII_9"	"0"
"P2000AIMEI_1"	"0"
"P2000AIMEI_10"	"0"
"P2000AIMEI_11"	"0"
"P2000AIMEI_12"	"0"
"P2000AIMEI_3"	"0"
"P2000AIMEI_6"	"0"
"P2000AIMEI_7"	"0"
"P2000AIMEI_9"	"0"
"P2001AIMEII_11"	"0"
"P2001AIMEII_2"	"0"
"P2001AIMEII_5"	"0"
"P2001AIMEII_8"	"0"
"P2001AIMEI_1"	"0"
"P2001AIMEI_11"	"0"
"P2001AIMEI_2"	"0"
"P2001AIMEI_8"	"0"
"P2002AIMEII_1"	"0"
"P2002AIMEII_10"	"0"
"P2002AIMEII_11"	"0"
"P2002AIMEII_12"	"0"
"P2002AIMEII_3"	"0"
"P2002AIMEII_5"	"0"
"P2002AIMEII_6"	"0"
"P2002AIMEII_7"	"0"
"P2002AIMEII_8"	"0"
"P2002AIMEII_9"	"0"
"P2002AIMEI_1"	"0"
"P2002AIMEI_12"	"0"
"P2002AIMEI_4"	"0"
"P2002AIMEI_7"	"0"
"P2002AIMEI_8"	"0"
"P2002AIMEI_9"	"0"
"P2002AMCA_1"	"0"
"P2002AMCA_11"	"0"
"P2002AMCA_13"	"0"
"P2002AMCA_14"	"0"
"P2002AMCA_16"	"0"
"P2002AMCA_17"	"0"
"P2002AMCA_19"	"0"
"P2002AMCA_2"	"0"
"P2002AMCA_24"	"0"
"P2002AMCA_4"	"0"
"P2002AMCA_6"	"0"
"P2002AMCA_9"	"0"
"P2002AMCB_1"	"0"
"P2002AMCB_12"	"0"
"P2002AMCB_13"	"0"
"P2002AMCB_15"	"0"
"P2002AMCB_16"	"0"
"P2002AMCB_19"	"0"
"P2002AMCB_2"	"0"
"P2002AMCB_21"	"0"
"P2002AMCB_3"	"0"
"P2002AMCB_6"	"0"
"P2002AMCB_7"	"0"
"P2002AMCB_8"	"0"
"P2002AMCB_9"	"0"
"P2003AIMEII_10"	"0"
"P2003AIMEII_12"	"0"
"P2003AIMEII_2"	"0"
"P2003AIMEII_3"	"0"
"P2003AIMEII_8"	"0"
"P2003AIMEII_9"	"0"
"P2003AIMEI_1"	"0"
"P2003AIMEI_8"	"0"
"P2003AMCA_1"	"0"
"P2003AMCA_10"	"0"
"P2003AMCA_18"	"0"
"P2003AMCA_19"	"0"
"P2003AMCA_2"	"0"
"P2003AMCA_23"	"0"
"P2003AMCA_24"	"0"
"P2003AMCA_25"	"0"
"P2003AMCA_5"	"2"
"P2003AMCA_8"	"0"
"P2003AMCB_1"	"1"
"P2003AMCB_11"	"1"
"P2003AMCB_12"	"0"
"P2003AMCB_17"	"0"
"P2003AMCB_18"	"0"
"P2003AMCB_19"	"0"
"P2003AMCB_2"	"0"
"P2003AMCB_24"	"0"
"P2003AMCB_6"	"0"
"P2003AMCB_7"	"0"
"P2003AMCB_9"	"0"
"P2004AIMEII_10"	"0"
"P2004AIMEII_15"	"0"
"P2004AIMEII_2"	"1"
"P2004AIMEII_4"	"0"
"P2004AIMEII_5"	"0"
"P2004AIMEII_9"	"0"
"P2004AIMEI_12"	"0"
"P2004AIMEI_2"	"0"
"P2004AIMEI_7"	"0"
"P2004AMCA_1"	"2"
"P2004AMCA_10"	"0"
"P2004AMCA_11"	"0"
"P2004AMCA_14"	"0"
"P2004AMCA_16"	"0"
"P2004AMCA_17"	"0"
"P2004AMCA_2"	"0"
"P2004AMCA_20"	"0"
"P2004AMCA_21"	"0"
"P2004AMCA_3"	"0"
"P2004AMCA_4"	"0"
"P2004AMCA_5"	"2"
"P2004AMCA_6"	"0"
"P2004AMCA_7"	"0"
"P2004AMCB_1"	"0"
"P2004AMCB_11"	"0"
"P2004AMCB_12"	"0"
"P2004AMCB_13"	"0"
"P2004AMCB_15"	"0"
"P2004AMCB_2"	"0"
"P2004AMCB_20"	"0"
"P2004AMCB_21"	"0"
"P2004AMCB_22"	"0"
"P2004AMCB_3"	"0"
"P2004AMCB_5"	"0"
"P2004AMCB_8"	"0"
"P2005AIMEII_1"	"0"
"P2005AIMEII_11"	"0"
"P2005AIMEII_13"	"0"
"P2005AIMEII_2"	"0"
"P2005AIMEII_3"	"0"
"P2005AIMEII_4"	"0"
"P2005AIMEII_7"	"0"
"P2005AIMEI_12"	"0"
"P2005AIMEI_13"	"0"
"P2005AIMEI_3"	"0"
"P2005AIMEI_4"	"0"
"P2005AIMEI_6"	"0"
"P2005AMCA_1"	"0"
"P2005AMCA_13"	"0"
"P2005AMCA_14"	"0"
"P2005AMCA_19"	"0"
"P2005AMCA_2"	"0"
"P2005AMCA_20"	"0"
"P2005AMCA_24"	"0"
"P2005AMCA_5"	"0"
"P2005AMCA_6"	"0"
"P2005AMCB_1"	"5"
"P2005AMCB_10"	"0"
"P2005AMCB_12"	"0"
"P2005AMCB_13"	"0"
"P2005AMCB_15"	"0"
"P2005AMCB_19"	"0"
"P2005AMCB_2"	"0"
"P2005AMCB_20"	"0"
"P2005AMCB_21"	"0"
"P2005AMCB_23"	"0"
"P2005AMCB_25"	"0"
"P2005AMCB_3"	"0"
"P2005AMCB_4"	"0"
"P2005AMCB_9"	"0"
"P2006AIMEII_11"	"0"
"P2006AIMEII_14"	"0"
"P2006AIMEII_3"	"0"
"P2006AIMEI_12"	"0"
"P2006AIMEI_13"	"0"
"P2006AIMEI_15"	"0"
"P2006AIMEI_3"	"0"
"P2006AIMEI_4"	"0"
"P2006AIMEI_5"	"0"
"P2006AIMEI_8"	"0"
"P2006AIMEI_9"	"0"
"P2006AMCA_1"	"0"
"P2006AMCA_10"	"0"
"P2006AMCA_14"	"0"
"P2006AMCA_15"	"0"
"P2006AMCA_18"	"0"
"P2006AMCA_2"	"0"
"P2006AMCA_24"	"0"
"P2006AMCA_3"	"2"
"P2006AMCA_4"	"0"
"P2006AMCA_5"	"0"
"P2006AMCA_7"	"1"
"P2006AMCA_8"	"0"
"P2006AMCA_9"	"0"
"P2006AMCB_1"	"0"
"P2006AMCB_11"	"0"
"P2006AMCB_12"	"0"
"P2006AMCB_14"	"1"
"P2006AMCB_19"	"0"
"P2006AMCB_2"	"0"
"P2006AMCB_22"	"0"
"P2006AMCB_3"	"1"
"P2006AMCB_4"	"0"
"P2006AMCB_5"	"0"
"P2006AMCB_6"	"5"
"P2006AMCB_8"	"0"
"P2007AIMEII_12"	"0"
"P2007AIMEII_14"	"0"
"P2007AIMEII_4"	"0"
"P2007AIMEII_6"	"0"
"P2007AIMEII_7"	"0"
"P2007AIMEII_8"	"0"
"P2007AIMEI_1"	"0"
"P2007AIMEI_11"	"0"
"P2007AIMEI_3"	"0"
"P2007AIMEI_4"	"0"
"P2007AIMEI_8"	"0"
"P2007AMCA_1"	"0"
"P2007AMCA_14"	"0"
"P2007AMCA_17"	"0"
"P2007AMCA_18"	"0"
"P2007AMCA_21"	"0"
"P2007AMCA_22"	"0"
"P2007AMCA_23"	"0"
"P2007AMCA_24"	"0"
"P2007AMCA_3"	"0"
"P2007AMCA_5"	"0"
"P2007AMCA_7"	"3"
"P2007AMCA_9"	"1"
"P2007AMCB_10"	"0"
"P2007AMCB_12"	"0"
"P2007AMCB_13"	"0"
"P2007AMCB_15"	"0"
"P2007AMCB_2"	"2"
"P2007AMCB_21"	"0"
"P2007AMCB_4"	"0"
"P2007AMCB_5"	"5"
"P2007AMCB_8"	"0"
"P2007AMCB_9"	"5"
"P2008AIMEII_1"	"0"
"P2008AIMEII_14"	"0"
"P2008AIMEII_15"	"0"
"P2008AIMEII_2"	"0"
"P2008AIMEII_4"	"0"
"P2008AIMEII_6"	"0"
"P2008AIMEII_7"	"0"
"P2008AIMEII_8"	"0"
"P2008AIMEI_12"	"0"
"P2008AIMEI_3"	"0"
"P2008AIMEI_4"	"0"
"P2008AIMEI_6"	"0"
"P2008AIMEI_8"	"0"
"P2008AMCA_1"	"0"
"P2008AMCA_10"	"0"
"P2008AMCA_12"	"0"
"P2008AMCA_15"	"0"
"P2008AMCA_16"	"0"
"P2008AMCA_17"	"0"
"P2008AMCA_2"	"0"
"P2008AMCA_21"	"0"
"P2008AMCA_25"	"0"
"P2008AMCA_3"	"0"
"P2008AMCA_4"	"0"
"P2008AMCA_6"	"0"
"P2008AMCA_7"	"5"
"P2008AMCB_1"	"0"
"P2008AMCB_12"	"0"
"P2008AMCB_14"	"0"
"P2008AMCB_16"	"0"
"P2008AMCB_19"	"0"
"P2008AMCB_2"	"0"
"P2008AMCB_23"	"0"
"P2008AMCB_3"	"0"
"P2008AMCB_6"	"1"
"P2008AMCB_7"	"0"
"P2009AIMEII_1"	"0"
"P2009AIMEII_11"	"0"
"P2009AIMEII_12"	"0"
"P2009AIMEII_14"	"0"
"P2009AIMEII_2"	"0"
"P2009AIMEII_4"	"0"
"P2009AIMEII_6"	"0"
"P2009AIMEII_7"	"0"
"P2009AIMEII_8"	"0"
"P2009AIMEI_1"	"0"
"P2009AIMEI_13"	"0"
"P2009AIMEI_14"	"0"
"P2009AIMEI_2"	"0"
"P2009AIMEI_3"	"3"
"P2009AIMEI_6"	"0"
"P2009AIMEI_8"	"0"
"P2009AMCA_1"	"2"
"P2009AMCA_11"	"0"
"P2009AMCA_12"	"0"
"P2009AMCA_15"	"0"
"P2009AMCA_17"	"0"
"P2009AMCA_18"	"0"
"P2009AMCA_2"	"0"
"P2009AMCA_21"	"0"
"P2009AMCA_23"	"0"
"P2009AMCA_25"	"0"
"P2009AMCA_3"	"1"
"P2009AMCA_6"	"4"
"P2009AMCA_7"	"0"
"P2009AMCA_9"	"0"
"P2009AMCB_1"	"0"
"P2009AMCB_12"	"0"
"P2009AMCB_15"	"0"
"P2009AMCB_18"	"0"
"P2009AMCB_19"	"0"
"P2009AMCB_21"	"0"
"P2009AMCB_24"	"0"
"P2009AMCB_3"	"0"
"P2009AMCB_5"	"0"
"P2009AMCB_7"	"0"
"P2009AMCB_8"	"0"
"P2010AIMEII_1"	"0"
"P2010AIMEII_12"	"0"
"P2010AIMEII_3"	"0"
"P2010AIMEII_5"	"0"
"P2010AIMEII_6"	"0"
"P2010AIMEII_7"	"0"
"P2010AIMEI_1"	"0"
"P2010AIMEI_12"	"0"
"P2010AIMEI_14"	"0"
"P2010AIMEI_2"	"0"
"P2010AIMEI_3"	"0"
"P2010AIMEI_4"	"0"
"P2010AIMEI_5"	"0"
"P2010AIMEI_6"	"0"
"P2010AIMEI_9"	"0"
"P2010AMCA_1"	"1"
"P2010AMCA_10"	"0"
"P2010AMCA_13"	"0"
"P2010AMCA_15"	"0"
"P2010AMCA_16"	"0"
"P2010AMCA_19"	"0"
"P2010AMCA_2"	"2"
"P2010AMCA_20"	"0"
"P2010AMCA_21"	"0"
"P2010AMCA_23"	"0"
"P2010AMCA_4"	"0"
"P2010AMCA_5"	"0"
"P2010AMCA_6"	"0"
"P2010AMCB_1"	"0"
"P2010AMCB_10"	"0"
"P2010AMCB_12"	"0"
"P2010AMCB_14"	"0"
"P2010AMCB_16"	"0"
"P2010AMCB_19"	"0"
"P2010AMCB_21"	"0"
"P2010AMCB_23"	"0"
"P2010AMCB_24"	"0"
"P2010AMCB_3"	"0"
"P2010AMCB_5"	"0"
"P2011AIMEII_1"	"0"
"P2011AIMEII_11"	"0"
"P2011AIMEII_12"	"0"
"P2011AIMEII_15"	"0"
"P2011AIMEII_5"	"0"
"P2011AIMEII_9"	"0"
"P2011AIMEI_11"	"0"
"P2011AIMEI_12"	"0"
"P2011AIMEI_15"	"0"
"P2011AIMEI_5"	"0"
"P2011AIMEI_9"	"0"
"P2011AMCA_1"	"2"
"P2011AMCA_14"	"0"
"P2011AMCA_16"	"0"
"P2011AMCA_18"	"0"
"P2011AMCA_2"	"5"
"P2011AMCA_20"	"0"
"P2011AMCA_21"	"0"
"P2011AMCA_23"	"0"
"P2011AMCA_3"	"0"
"P2011AMCA_4"	"2"
"P2011AMCA_5"	"6"
"P2011AMCA_6"	"0"
"P2011AMCA_8"	"0"
"P2011AMCA_9"	"0"
"P2011AMCB_1"	"0"
"P2011AMCB_2"	"0"
"P2011AMCB_21"	"0"
"P2011AMCB_3"	"5"
"P2011AMCB_4"	"0"
"P2011AMCB_7"	"0"
"P2011AMCB_9"	"0"
"P2012AIMEII_1"	"0"
"P2012AIMEII_10"	"0"
"P2012AIMEII_11"	"0"
"P2012AIMEII_2"	"0"
"P2012AIMEII_8"	"0"
"P2012AIMEII_9"	"0"
"P2012AIMEI_2"	"0"
"P2012AIMEI_3"	"0"
"P2012AIMEI_6"	"0"
"P2012AIMEI_9"	"0"
"P2012AMCA_11"	"1"
"P2012AMCA_13"	"0"
"P2012AMCA_17"	"0"
"P2012AMCA_2"	"2"
"P2012AMCA_20"	"0"
"P2012AMCA_25"	"0"
"P2012AMCA_4"	"0"
"P2012AMCA_5"	"0"
"P2012AMCA_6"	"3"
"P2012AMCB_1"	"5"
"P2012AMCB_11"	"0"
"P2012AMCB_13"	"0"
"P2012AMCB_14"	"0"
"P2012AMCB_16"	"0"
"P2012AMCB_3"	"0"
"P2012AMCB_4"	"3"
"P2012AMCB_5"	"0"
"P2012AMCB_6"	"0"
"P2012AMCB_7"	"2"
"P2012AMCB_8"	"0"
"P2012AMCB_9"	"5"
"P2013AIMEII_11"	"0"
"P2013AIMEII_14"	"0"
"P2013AIMEII_15"	"0"
"P2013AIMEII_3"	"0"
"P2013AIMEII_6"	"0"
"P2013AIMEI_1"	"0"
"P2013AIMEI_14"	"0"
"P2013AIMEI_5"	"0"
"P2013AIMEI_8"	"0"
"P2013AMCA_10"	"0"
"P2013AMCA_14"	"0"
"P2013AMCA_15"	"0"
"P2013AMCA_16"	"0"
"P2013AMCA_17"	"0"
"P2013AMCA_22"	"0"
"P2013AMCA_25"	"0"
"P2013AMCA_3"	"0"
"P2013AMCA_4"	"0"
"P2013AMCA_5"	"0"
"P2013AMCA_6"	"0"
"P2013AMCA_7"	"0"
"P2013AMCA_8"	"0"
"P2013AMCB_1"	"0"
"P2013AMCB_12"	"0"
"P2013AMCB_14"	"0"
"P2013AMCB_15"	"0"
"P2013AMCB_17"	"0"
"P2013AMCB_18"	"0"
"P2013AMCB_3"	"3"
"P2013AMCB_4"	"0"
"P2013AMCB_5"	"3"
"P2013AMCB_6"	"0"
"P2013AMCB_9"	"0"
"P2014AIMEII_5"	"0"
"P2014AIMEII_9"	"0"
"P2014AIMEI_11"	"0"
"P2014AIMEI_14"	"0"
"P2014AIMEI_2"	"0"
"P2014AIMEI_6"	"1"
"P2014AIMEI_8"	"0"
"P2014AIMEI_9"	"0"
"P2014AMCA_1"	"4"
"P2014AMCA_11"	"0"
"P2014AMCA_13"	"0"
"P2014AMCA_14"	"0"
"P2014AMCA_15"	"0"
"P2014AMCA_16"	"0"
"P2014AMCA_2"	"7"
"P2014AMCA_22"	"0"
"P2014AMCA_24"	"0"
"P2014AMCA_4"	"4"
"P2014AMCA_6"	"0"
"P2014AMCA_7"	"0"
"P2014AMCA_9"	"0"
"P2014AMCB_1"	"0"
"P2014AMCB_10"	"0"
"P2014AMCB_16"	"0"
"P2014AMCB_17"	"0"
"P2014AMCB_2"	"0"
"P2014AMCB_20"	"0"
"P2014AMCB_22"	"0"
"P2014AMCB_23"	"0"
"P2014AMCB_3"	"0"
"P2014AMCB_4"	"0"
"P2014AMCB_6"	"0"
"P2014AMCB_7"	"0"
"P2015AIMEII_1"	"0"
"P2015AIMEII_10"	"0"
"P2015AIMEII_13"	"0"
"P2015AIMEII_14"	"0"
"P2015AIMEII_2"	"0"
"P2015AIMEII_3"	"0"
"P2015AIMEII_8"	"0"
"P2015AIMEI_1"	"0"
"P2015AIMEI_10"	"0"
"P2015AIMEI_12"	"0"
"P2015AIMEI_2"	"2"
"P2015AIMEI_3"	"0"
"P2015AIMEI_8"	"0"
"P2015AIMEI_9"	"0"
"P2015AMCA_1"	"0"
"P2015AMCA_10"	"0"
"P2015AMCA_13"	"0"
"P2015AMCA_14"	"0"
"P2015AMCA_15"	"0"
"P2015AMCA_17"	"0"
"P2015AMCA_18"	"0"
"P2015AMCA_3"	"0"
"P2015AMCA_4"	"4"
"P2015AMCA_5"	"2"
"P2015AMCA_6"	"0"
"P2015AMCB_1"	"5"
"P2015AMCB_15"	"0"
"P2015AMCB_17"	"0"
"P2015AMCB_18"	"1"
"P2015AMCB_2"	"0"
"P2015AMCB_21"	"0"
"P2015AMCB_22"	"0"
"P2015AMCB_3"	"3"
"P2015AMCB_4"	"0"
"P2015AMCB_5"	"0"
"P2015AMCB_8"	"0"
"P2015AMCB_9"	"0"
"P2016AIMEII_1"	"0"
"P2016AIMEII_12"	"0"
"P2016AIMEII_15"	"0"
"P2016AIMEII_2"	"0"
"P2016AIMEII_3"	"0"
"P2016AIMEII_6"	"0"
"P2016AIMEII_9"	"0"
"P2016AIMEI_1"	"0"
"P2016AIMEI_10"	"0"
"P2016AIMEI_11"	"0"
"P2016AIMEI_12"	"0"
"P2016AIMEI_2"	"0"
"P2016AIMEI_5"	"0"
"P2016AMCA_1"	"0"
"P2016AMCA_11"	"0"
"P2016AMCA_13"	"0"
"P2016AMCA_18"	"0"
"P2016AMCA_2"	"0"
"P2016AMCA_24"	"0"
"P2016AMCA_3"	"0"
"P2016AMCA_5"	"0"
"P2016AMCB_1"	"0"
"P2016AMCB_12"	"0"
"P2016AMCB_14"	"0"
"P2016AMCB_2"	"0"
"P2016AMCB_24"	"0"
"P2016AMCB_25"	"0"
"P2016AMCB_3"	"1"
"P2016AMCB_5"	"13"
"P2017AIMEII_4"	"0"
"P2017AIMEII_5"	"0"
"P2017AIMEII_7"	"0"
"P2017AIMEII_8"	"0"
"P2017AIMEII_9"	"0"
"P2017AIMEI_1"	"3"
"P2017AIMEI_13"	"0"
"P2017AIMEI_2"	"0"
"P2017AIMEI_7"	"0"
"P2017AMCA_1"	"0"
"P2017AMCA_10"	"0"
"P2017AMCA_13"	"0"
"P2017AMCA_17"	"0"
"P2017AMCA_2"	"2"
"P2017AMCA_20"	"0"
"P2017AMCA_21"	"0"
"P2017AMCA_23"	"0"
"P2017AMCA_3"	"0"
"P2017AMCA_5"	"0"
"P2017AMCA_7"	"0"
"P2017AMCB_1"	"0"
"P2017AMCB_10"	"0"
"P2017AMCB_16"	"0"
"P2017AMCB_17"	"6"
"P2017AMCB_2"	"0"
"P2017AMCB_20"	"0"
"P2017AMCB_23"	"0"
"P2017AMCB_3"	"0"
"P2017AMCB_4"	"0"
"P2017AMCB_5"	"0"
"P2018AIMEII_10"	"0"
"P2018AIMEII_11"	"0"
"P2018AIMEII_2"	"0"
"P2018AIMEII_5"	"0"
"P2018AIMEI_1"	"0"
"P2018AIMEI_11"	"0"
"P2018AIMEI_12"	"0"
"P2018AIMEI_2"	"0"
"P2018AIMEI_9"	"0"
"P2018AMCA_10"	"0"
"P2018AMCA_12"	"0"
"P2018AMCA_14"	"0"
"P2018AMCA_16"	"0"
"P2018AMCA_19"	"0"
"P2018AMCA_2"	"0"
"P2018AMCA_24"	"0"
"P2018AMCA_25"	"0"
"P2018AMCA_4"	"0"
"P2018AMCB_10"	"0"
"P2018AMCB_18"	"0"
"P2018AMCB_19"	"0"
"P2018AMCB_2"	"3"
"P2018AMCB_24"	"0"
"P2018AMCB_5"	"0"
"P2018AMCB_6"	"7"
"P2018AMCB_7"	"3"
"P2018AMCB_9"	"2"
"P2019AIMEII_14"	"0"
"P2019AIMEII_2"	"0"
"P2019AIMEII_3"	"0"
"P2019AIMEII_4"	"0"
"P2019AIMEII_8"	"0"
"P2019AIMEII_9"	"0"
"P2019AIMEI_1"	"0"
"P2019AIMEI_12"	"0"
"P2019AIMEI_14"	"0"
"P2019AIMEI_4"	"2"
"P2019AIMEI_5"	"0"
"P2019AIMEI_8"	"0"
"P2019AIMEI_9"	"0"
"P2019AMCA_12"	"0"
"P2019AMCA_13"	"0"
"P2019AMCA_14"	"0"
"P2019AMCA_15"	"0"
"P2019AMCA_16"	"0"
"P2019AMCA_17"	"0"
"P2019AMCA_2"	"0"
"P2019AMCA_20"	"3"
"P2019AMCA_24"	"0"
"P2019AMCA_3"	"0"
"P2019AMCA_4"	"0"
"P2019AMCB_1"	"0"
"P2019AMCB_14"	"0"
"P2019AMCB_16"	"0"
"P2019AMCB_2"	"0"
"P2019AMCB_21"	"0"
"P2019AMCB_4"	"0"
"P2019AMCB_5"	"0"
"P2019AMCB_8"	"2"
"P2020AIMEII_1"	"0"
"P2020AIMEII_14"	"0"
"P2020AIMEII_3"	"0"
"P2020AIMEII_5"	"0"
"P2020AIMEII_6"	"0"
"P2020AIMEII_8"	"0"
"P2020AIMEI_10"	"0"
"P2020AIMEI_11"	"0"
"P2020AIMEI_12"	"0"
"P2020AIMEI_14"	"0"
"P2020AIMEI_2"	"0"
"P2020AIMEI_3"	"0"
"P2020AMCA_1"	"4"
"P2020AMCA_3"	"1"
"P2020AMCA_4"	"0"
"P2020AMCA_5"	"0"
"P2020AMCB_13"	"2"
"P2020AMCB_17"	"0"
"P2020AMCB_22"	"0"
"P2020AMCB_23"	"0"
"P2020AMCB_3"	"0"
"P2020AMCB_4"	"0"
"P2020AMCB_5"	"0"
"P2020AMCB_6"	"3"
"P2020AMCB_8"	"1"
"P2021AIMEII_13"	"0"
"P2021AIMEII_15"	"0"
"P2021AIMEII_3"	"0"
"P2021AIMEII_7"	"0"
"P2021AIMEII_8"	"2"
"P2021AIMEII_9"	"0"
"P2021AIMEI_14"	"0"
"P2021AIMEI_4"	"0"
"P2021AIMEI_5"	"0"
"P2021AIMEI_7"	"0"
"P2021AIMEI_8"	"0"
"P2021AMCA_12"	"0"
"P2021AMCA_13"	"0"
"P2021AMCA_18"	"0"
"P2021AMCA_19"	"0"
"P2021AMCA_2"	"0"
"P2021AMCA_3"	"0"
"P2021AMCA_6"	"0"
"P2021AMCA_7"	"0"
"P2021AMCA_8"	"0"
"P2021AMCA_9"	"4"
"P2021AMCB_1"	"0"
"P2021AMCB_10"	"0"
"P2021AMCB_12"	"0"
"P2021AMCB_13"	"0"
"P2021AMCB_16"	"0"
"P2021AMCB_18"	"0"
"P2021AMCB_2"	"4"
"P2021AMCB_20"	"0"
"P2021AMCB_21"	"0"
"P2021AMCB_22"	"0"
"P2021AMCB_23"	"0"
"P2021AMCB_3"	"3"
"P2021AMCB_4"	"1"
"P2021AMCB_7"	"0"
"P2022AIMEII_1"	"0"
"P2022AIMEII_10"	"0"
"P2022AIMEII_12"	"0"
"P2022AIMEII_13"	"0"
"P2022AIMEII_2"	"0"
"P2022AIMEII_4"	"0"
"P2022AIMEII_6"	"0"
"P2022AIMEI_1"	"0"
"P2022AIMEI_12"	"0"
"P2022AIMEI_13"	"0"
"P2022AIMEI_15"	"1"
"P2022AIMEI_2"	"0"
"P2022AIMEI_4"	"0"
"P2022AIMEI_7"	"0"
"P2022AIMEI_9"	"0"
"P2022AMCA_1"	"0"
"P2022AMCA_11"	"0"
"P2022AMCA_14"	"0"
"P2022AMCA_17"	"0"
"P2022AMCA_2"	"0"
"P2022AMCA_21"	"0"
"P2022AMCA_4"	"0"
"P2022AMCA_9"	"0"
"P2022AMCB_1"	"2"
"P2022AMCB_11"	"3"
"P2022AMCB_15"	"0"
"P2022AMCB_16"	"0"
"P2022AMCB_17"	"0"
"P2022AMCB_20"	"0"
"P2022AMCB_3"	"0"
"P2022AMCB_4"	"0"
"P2022AMCB_8"	"0"
"P2022AMCB_9"	"0"
"P2023AIMEII_1"	"0"
"P2023AIMEII_10"	"0"
"P2023AIMEII_11"	"0"
"P2023AIMEII_13"	"0"
"P2023AIMEII_2"	"0"
"P2023AIMEII_4"	"0"
"P2023AIMEII_7"	"0"
"P2023AIMEI_14"	"0"
"P2023AIMEI_15"	"0"
"P2023AIMEI_3"	"0"
"P2023AIMEI_4"	"0"
"P2023AIMEI_9"	"0"
"P2023AMCA_1"	"3"
"P2023AMCA_10"	"0"
"P2023AMCA_12"	"0"
"P2023AMCA_13"	"0"
"P2023AMCA_2"	"0"
"P2023AMCA_20"	"0"
"P2023AMCA_21"	"0"
"P2023AMCA_23"	"0"
"P2023AMCA_24"	"0"
"P2023AMCA_4"	"0"
"P2023AMCA_6"	"0"
"P2023AMCA_8"	"0"
"P2023AMCB_1"	"0"
"P2023AMCB_12"	"0"
"P2023AMCB_14"	"0"
"P2023AMCB_15"	"0"
"P2023AMCB_16"	"0"
"P2023AMCB_2"	"3"
"P2023AMCB_23"	"0"
"P2023AMCB_5"	"0"
"P2023AMCB_7"	"0"
"P2024AIMEII_1"	"2"
"P2024AIMEII_11"	"0"
"P2024AIMEII_13"	"0"
"P2024AIMEII_14"	"0"
"P2024AIMEII_3"	"0"
"P2024AIMEII_4"	"0"
"P2024AIMEII_7"	"0"
"P2024AIMEI_1"	"0"
"P2024AIMEI_12"	"0"
"P2024AIMEI_13"	"0"
"P2024AIMEI_2"	"0"
"P2024AIMEI_3"	"2"
"P2024AIMEI_4"	"6"
"P2024AMCA_1"	"4"
"P2024AMCA_11"	"0"
"P2024AMCA_12"	"0"
"P2024AMCA_13"	"0"
"P2024AMCA_14"	"0"
"P2024AMCA_15"	"0"
"P2024AMCA_17"	"0"
"P2024AMCA_2"	"0"
"P2024AMCA_21"	"0"
"P2024AMCA_3"	"0"
"P2024AMCA_4"	"0"
"P2024AMCA_6"	"0"
"P2024AMCA_8"	"0"
"P2024AMCB_1"	"1"
"P2024AMCB_13"	"0"
"P2024AMCB_14"	"0"
"P2024AMCB_16"	"0"
"P2024AMCB_18"	"0"
"P2024AMCB_2"	"0"
"P2024AMCB_25"	"6"
"P2024AMCB_3"	"0"
"P2024AMCB_5"	"0"
"P2024AMCB_8"	"0"
"P2024HMMTnov_gen_3"	"0"
"P2024HMMTnov_guts_1"	"0"
"P2024HMMTnov_guts_10"	"0"
"P2024HMMTnov_guts_17"	"0"
"P2024HMMTnov_guts_2"	"0"
"P2024HMMTnov_guts_21"	"0"
"P2024HMMTnov_guts_22"	"0"
"P2024HMMTnov_guts_24"	"0"
"P2024HMMTnov_guts_30"	"0"
"P2024HMMTnov_guts_32"	"0"
"P2024HMMTnov_guts_35"	"0"
"P2024HMMTnov_guts_36"	"0"
"P2024HMMTnov_team_10"	"0"
"P2024HMMTnov_team_4"	"0"
"P2024HMMTnov_team_7"	"0"
"P2024HMMTnov_team_8"	"0"
"P2024HMMTnov_thm_2"	"0"
"P2024HMMTnov_thm_5"	"0"
"P2025AIMEII_4"	"0"
"P2025AIMEII_8"	"0"
"P2025AIMEII_9"	"0"
"P2025AIMEI_11"	"0"
"P2025AIMEI_13"	"5"
"P2025AIMEI_14"	"0"
"P2025AIMEI_15"	"0"
"P2025AIMEI_3"	"0"
"P2025AIMEI_4"	"0"
"P2025AIMEI_8"	"0"
"P2025AIMEI_9"	"0"
"P2025HMMTfeb_algnt_10"	"0"
"P2025HMMTfeb_algnt_2"	"0"
"P2025HMMTfeb_algnt_4"	"0"
"P2025HMMTfeb_algnt_5"	"0"
"P2025HMMTfeb_algnt_7"	"0"
"P2025HMMTfeb_algnt_8"	"0"
"P2025HMMTfeb_comb_1"	"0"
"P2025HMMTfeb_comb_2"	"0"
"P2025HMMTfeb_guts_1"	"0"
"P2025HMMTfeb_guts_11"	"0"
"P2025HMMTfeb_guts_16"	"0"
"P2025HMMTfeb_guts_18"	"0"
"P2025HMMTfeb_guts_21"	"0"
"P2025HMMTfeb_guts_23"	"0"
"P2025HMMTfeb_guts_25"	"4"
"P2025HMMTfeb_guts_27"	"0"
"P2025HMMTfeb_guts_29"	"0"
"P2025HMMTfeb_guts_30"	"0"
"P2025HMMTfeb_guts_34"	"0"
"P2025HMMTfeb_guts_5"	"0"
"P2025HMMTfeb_guts_6"	"0"
"P2025HMMTfeb_team_10"	"3"
"P2025HMMTfeb_team_9"	"0"
"P2025HMMThmic_2"	"0"
"P2025HMMThmic_5"	"0"
"USAMO2024P5"	"0"
"mathodyssey1"	"0"
"mathodyssey11"	"0"
"mathodyssey114"	"0"
"mathodyssey115"	"0"
"mathodyssey118"	"0"
"mathodyssey119"	"0"
"mathodyssey12"	"0"
"mathodyssey120"	"0"
"mathodyssey121"	"0"
"mathodyssey123"	"0"
"mathodyssey127"	"0"
"mathodyssey128"	"0"
"mathodyssey129"	"0"
"mathodyssey130"	"0"
"mathodyssey134"	"0"
"mathodyssey136"	"0"
"mathodyssey137"	"0"
"mathodyssey14"	"0"
"mathodyssey144"	"0"
"mathodyssey145"	"0"
"mathodyssey147"	"0"
"mathodyssey15"	"0"
"mathodyssey17"	"4"
"mathodyssey179"	"0"
"mathodyssey18"	"0"
"mathodyssey180"	"0"
"mathodyssey181"	"2"
"mathodyssey182"	"0"
"mathodyssey2"	"0"
"mathodyssey200"	"0"
"mathodyssey21"	"0"
"mathodyssey212"	"0"
"mathodyssey213"	"0"
"mathodyssey214"	"0"
"mathodyssey215"	"0"
"mathodyssey22"	"0"
"mathodyssey23"	"0"
"mathodyssey25"	"0"
"mathodyssey29"	"0"
"mathodyssey3"	"0"
"mathodyssey33"	"0"
"mathodyssey34"	"0"
"mathodyssey35"	"0"
"mathodyssey36"	"0"
"mathodyssey39"	"0"
"mathodyssey42"	"0"
"mathodyssey43"	"0"
"mathodyssey44"	"0"
"mathodyssey49"	"0"
"mathodyssey5"	"0"
"mathodyssey52"	"0"
"mathodyssey53"	"0"
"mathodyssey54"	"0"
"mathodyssey55"	"0"
"mathodyssey57"	"0"
"mathodyssey6"	"0"
"mathodyssey60"	"0"
"mathodyssey62"	"0"
"mathodyssey63"	"0"
"mathodyssey64"	"1"
"mathodyssey65"	"0"
"mathodyssey66"	"0"
"mathodyssey67"	"0"
"mathodyssey69"	"0"
"mathodyssey7"	"0"
"mathodyssey72"	"0"
"mathodyssey73"	"0"
"mathodyssey74"	"0"
"mathodyssey75"	"0"
"mathodyssey76"	"0"
"mathodyssey77"	"0"
"mathodyssey78"	"0"
"mathodyssey79"	"0"
"mathodyssey80"	"0"
"mathodyssey81"	"0"
"mathodyssey82"	"0"
"mathodyssey84"	"1"
"mathodyssey85"	"0"
"mathodyssey86"	"0"
"mathodyssey9"	"0"
"olympiadbench1610"	"0"
"olympiadbench1612"	"0"
"olympiadbench1613"	"0"
"olympiadbench1618"	"0"
"olympiadbench1620"	"0"
"olympiadbench1631"	"0"
"olympiadbench1644"	"0"
"olympiadbench1645"	"0"
"olympiadbench1659"	"0"
"olympiadbench1662"	"0"
"olympiadbench1664"	"0"
"olympiadbench1678"	"0"
"olympiadbench1681"	"0"
"olympiadbench1687"	"0"
"olympiadbench1716"	"0"
"olympiadbench1723"	"0"
"olympiadbench1738"	"0"
"olympiadbench1750"	"0"
"olympiadbench1775"	"0"
"olympiadbench1789"	"0"
"olympiadbench1798"	"0"
"olympiadbench1807"	"0"
"olympiadbench1818"	"0"
"olympiadbench1845"	"0"
"olympiadbench1866"	"0"
"olympiadbench1869"	"0"
"olympiadbench1872"	"0"
"olympiadbench1873"	"0"
"olympiadbench1874"	"0"
"olympiadbench1883"	"0"
"olympiadbench1929"	"0"
"olympiadbench1930"	"0"
"olympiadbench1938"	"0"
"olympiadbench1962"	"0"
"olympiadbench1965"	"0"
"olympiadbench1997"	"0"
"olympiadbench1998"	"0"
"olympiadbench2012"	"0"
"olympiadbench2021"	"0"
"olympiadbench2035"	"1"
"olympiadbench2082"	"0"
"olympiadbench2084"	"0"
"olympiadbench2091"	"0"
"olympiadbench2111"	"0"
"olympiadbench2124"	"0"
"olympiadbench2126"	"0"
"olympiadbench2127"	"0"
"olympiadbench2147"	"0"
"olympiadbench2152"	"0"
"olympiadbench2165"	"0"
"olympiadbench2171"	"0"
"olympiadbench2177"	"0"
"olympiadbench2185"	"0"
"olympiadbench2193"	"0"
"olympiadbench2203"	"0"
"olympiadbench2212"	"0"
"olympiadbench2230"	"0"
"olympiadbench2235"	"0"
"olympiadbench2236"	"0"
"olympiadbench2238"	"2"
"olympiadbench2241"	"0"
"olympiadbench2242"	"0"
"olympiadbench2247"	"0"
"olympiadbench2248"	"0"
"olympiadbench2251"	"0"
"olympiadbench2256"	"0"
"olympiadbench2257"	"5"
"olympiadbench2263"	"0"
"olympiadbench2266"	"0"
"olympiadbench2268"	"0"
"olympiadbench2275"	"0"
"olympiadbench2276"	"3"
"olympiadbench2277"	"0"
"olympiadbench2281"	"0"
"olympiadbench2282"	"0"
"olympiadbench2283"	"0"
"olympiadbench2286"	"0"
"olympiadbench2287"	"0"
"olympiadbench2289"	"0"
"olympiadbench2292"	"0"
"olympiadbench2298"	"0"
"olympiadbench2300"	"0"
"olympiadbench2303"	"0"
"olympiadbench2313"	"0"
"olympiadbench2315"	"0"
"olympiadbench2317"	"0"
"olympiadbench2319"	"0"
"olympiadbench2321"	"0"
"olympiadbench2323"	"0"
"olympiadbench2325"	"0"
"olympiadbench2326"	"0"
"olympiadbench2327"	"0"
"olympiadbench2328"	"0"
"olympiadbench2329"	"0"
"olympiadbench2330"	"0"
"olympiadbench2331"	"0"
"olympiadbench2332"	"0"
"olympiadbench2333"	"3"
"olympiadbench2338"	"0"
"olympiadbench2339"	"0"
"olympiadbench2341"	"2"
"olympiadbench2342"	"0"
"olympiadbench2343"	"0"
"olympiadbench2344"	"0"
"olympiadbench2345"	"0"
"olympiadbench2346"	"0"
"olympiadbench2349"	"0"
"olympiadbench2350"	"0"
"olympiadbench2351"	"0"
"olympiadbench2352"	"0"
"olympiadbench2355"	"0"
"olympiadbench2356"	"0"
"olympiadbench2359"	"0"
"olympiadbench2369"	"0"
"olympiadbench2370"	"0"
"olympiadbench2371"	"1"
"olympiadbench2372"	"0"
"olympiadbench2375"	"0"
"olympiadbench2376"	"0"
"olympiadbench2377"	"0"
"olympiadbench2380"	"0"
"olympiadbench2382"	"0"
"olympiadbench2391"	"0"
"olympiadbench2392"	"0"
"olympiadbench2403"	"0"
"olympiadbench2408"	"0"
"olympiadbench2414"	"0"
"olympiadbench2415"	"0"
"olympiadbench2420"	"1"
"olympiadbench2421"	"0"
"olympiadbench2422"	"0"
"olympiadbench2425"	"0"
"olympiadbench2426"	"0"
"olympiadbench2427"	"0"
"olympiadbench2438"	"0"
"olympiadbench2439"	"0"
"olympiadbench2441"	"0"
"olympiadbench2443"	"0"
"olympiadbench2444"	"0"
"olympiadbench2445"	"0"
"olympiadbench2453"	"0"
"olympiadbench2454"	"0"
"olympiadbench2458"	"0"
"olympiadbench2459"	"0"
"olympiadbench2460"	"0"
"olympiadbench2461"	"0"
"olympiadbench2463"	"0"
"olympiadbench2464"	"0"
"olympiadbench2467"	"0"
"olympiadbench2472"	"2"
"olympiadbench2481"	"0"
"olympiadbench2482"	"0"
"olympiadbench2486"	"0"
"olympiadbench2492"	"0"
"olympiadbench2494"	"0"
"olympiadbench2496"	"0"
"olympiadbench2498"	"0"
"olympiadbench2500"	"0"
"olympiadbench2501"	"0"
"olympiadbench2502"	"0"
"olympiadbench2506"	"0"
"olympiadbench2508"	"0"
"olympiadbench2509"	"0"
"olympiadbench2510"	"0"
"olympiadbench2520"	"0"
"olympiadbench2521"	"0"
"olympiadbench2522"	"0"
"olympiadbench2523"	"0"
"olympiadbench2524"	"0"
"olympiadbench2532"	"0"
"olympiadbench2534"	"0"
"olympiadbench2544"	"1"
"olympiadbench2545"	"0"
"olympiadbench2548"	"0"
"olympiadbench2549"	"0"
"olympiadbench2551"	"0"
"olympiadbench2552"	"0"
"olympiadbench2558"	"0"
"olympiadbench2559"	"0"
"olympiadbench2560"	"0"
"olympiadbench2568"	"0"
"olympiadbench2569"	"0"
"olympiadbench2570"	"1"
"olympiadbench2571"	"0"
"olympiadbench2575"	"0"
"olympiadbench2576"	"0"
"olympiadbench2577"	"0"
"olympiadbench2580"	"0"
"olympiadbench2584"	"0"
"olympiadbench2588"	"0"
"olympiadbench2592"	"0"
"olympiadbench2598"	"0"
"olympiadbench2602"	"0"
"olympiadbench2603"	"0"
"olympiadbench2604"	"0"
"olympiadbench2606"	"0"
"olympiadbench2607"	"0"
"olympiadbench2610"	"0"
"olympiadbench2611"	"0"
"olympiadbench2612"	"0"
"olympiadbench2613"	"0"
"olympiadbench2635"	"0"
"olympiadbench2636"	"0"
"olympiadbench2637"	"0"
"olympiadbench2638"	"0"
"olympiadbench2642"	"0"
"olympiadbench2644"	"0"
"olympiadbench2646"	"0"
"olympiadbench2647"	"0"
"olympiadbench2651"	"0"
"olympiadbench2653"	"0"
"olympiadbench2654"	"0"
"olympiadbench2657"	"0"
"olympiadbench2658"	"0"
"olympiadbench2659"	"0"
"olympiadbench2661"	"0"
"olympiadbench2662"	"2"
"olympiadbench2666"	"0"
"olympiadbench2671"	"0"
"olympiadbench2674"	"0"
"olympiadbench2675"	"0"
"olympiadbench2678"	"0"
"olympiadbench2702"	"0"
"olympiadbench2708"	"0"
"olympiadbench2709"	"0"
"olympiadbench2711"	"0"
"olympiadbench2712"	"0"
"olympiadbench2713"	"0"
"olympiadbench2715"	"0"
"olympiadbench2718"	"4"
"olympiadbench2721"	"0"
"olympiadbench2726"	"0"
"olympiadbench2730"	"0"
"olympiadbench2732"	"2"
"olympiadbench2733"	"0"
"olympiadbench2738"	"0"
"olympiadbench2739"	"0"
"olympiadbench2742"	"0"
"olympiadbench2746"	"3"
"olympiadbench2747"	"4"
"olympiadbench2748"	"0"
"olympiadbench2759"	"0"
"olympiadbench2762"	"0"
"olympiadbench2763"	"0"
"olympiadbench2764"	"0"
"olympiadbench2770"	"0"
"olympiadbench2772"	"0"
"olympiadbench2773"	"0"
"olympiadbench2775"	"0"
"olympiadbench2776"	"0"
"olympiadbench2777"	"0"
"olympiadbench2778"	"0"
"olympiadbench2781"	"0"
"olympiadbench2782"	"0"
"olympiadbench2783"	"2"
"olympiadbench2787"	"0"
"olympiadbench2790"	"0"
"olympiadbench2791"	"0"
"olympiadbench2792"	"0"
"olympiadbench2797"	"0"
"olympiadbench2799"	"0"
"olympiadbench2800"	"0"
"olympiadbench2802"	"0"
"olympiadbench2818"	"0"
"olympiadbench2819"	"0"
"olympiadbench2823"	"0"
"olympiadbench2827"	"0"
"olympiadbench2829"	"0"
"olympiadbench2830"	"0"
"olympiadbench2832"	"0"
"olympiadbench2835"	"0"
"olympiadbench2836"	"0"
"olympiadbench2840"	"0"
"olympiadbench2841"	"0"
"olympiadbench2842"	"2"
"olympiadbench2843"	"0"
"olympiadbench2844"	"0"
"olympiadbench2846"	"0"
"olympiadbench2847"	"0"
"olympiadbench2852"	"0"
"olympiadbench2854"	"0"
"olympiadbench2856"	"0"
"olympiadbench2857"	"0"
"olympiadbench2858"	"0"
"olympiadbench2859"	"0"
"olympiadbench2887"	"0"
"olympiadbench2892"	"0"
"olympiadbench2895"	"0"
"olympiadbench2898"	"0"
"olympiadbench2902"	"0"
"olympiadbench2903"	"0"
"olympiadbench2904"	"0"
"olympiadbench2905"	"3"
"olympiadbench2907"	"0"
"olympiadbench2908"	"0"
"olympiadbench2909"	"0"
"olympiadbench2912"	"0"
"olympiadbench2913"	"0"
"olympiadbench2915"	"4"
"olympiadbench2918"	"0"
"olympiadbench2921"	"0"
"olympiadbench2922"	"0"
"olympiadbench2924"	"3"
"olympiadbench2925"	"0"
"olympiadbench2926"	"0"
"olympiadbench2927"	"0"
"olympiadbench2949"	"0"
"olympiadbench2950"	"0"
"olympiadbench2952"	"0"
"olympiadbench2954"	"0"
"olympiadbench2958"	"0"
"olympiadbench2960"	"0"
"olympiadbench2961"	"1"
"olympiadbench2963"	"0"
"olympiadbench2966"	"0"
"olympiadbench2970"	"0"
"olympiadbench2971"	"0"
"olympiadbench2972"	"0"
"olympiadbench2973"	"0"
"olympiadbench2974"	"0"
"olympiadbench2977"	"0"
"olympiadbench2980"	"0"
"olympiadbench2983"	"0"
"olympiadbench2984"	"0"
"olympiadbench2985"	"0"
"olympiadbench2986"	"3"
"olympiadbench3007"	"0"
"olympiadbench3010"	"0"
"olympiadbench3011"	"0"
"olympiadbench3013"	"0"
"olympiadbench3015"	"0"
"olympiadbench3017"	"0"
"olympiadbench3019"	"0"
"olympiadbench3022"	"0"
"olympiadbench3024"	"0"
"olympiadbench3027"	"0"
"olympiadbench3028"	"0"
"olympiadbench3030"	"0"
"olympiadbench3031"	"0"
"olympiadbench3033"	"0"
"olympiadbench3034"	"0"
"olympiadbench3036"	"0"
"olympiadbench3039"	"0"
"olympiadbench3040"	"0"
"olympiadbench3041"	"0"
"olympiadbench3042"	"0"
"olympiadbench3045"	"0"
"olympiadbench3047"	"0"
"olympiadbench3049"	"0"
"olympiadbench3076"	"0"
"olympiadbench3077"	"0"
"olympiadbench3078"	"0"
"olympiadbench3080"	"0"
"olympiadbench3084"	"0"
"olympiadbench3085"	"0"
"olympiadbench3088"	"0"
"olympiadbench3090"	"0"
"olympiadbench3091"	"4"
"olympiadbench3092"	"0"
"olympiadbench3094"	"0"
"olympiadbench3098"	"0"
"olympiadbench3099"	"0"
"olympiadbench3101"	"0"
"omnimath10"	"0"
"omnimath100"	"0"
"omnimath1002"	"0"
"omnimath1003"	"0"
"omnimath1004"	"0"
"omnimath1006"	"0"
"omnimath1008"	"0"
"omnimath1010"	"0"
"omnimath1013"	"0"
"omnimath1014"	"0"
"omnimath1016"	"0"
"omnimath1018"	"0"
"omnimath1019"	"0"
"omnimath102"	"0"
"omnimath1021"	"0"
"omnimath1024"	"2"
"omnimath1027"	"0"
"omnimath1028"	"0"
"omnimath103"	"0"
"omnimath1030"	"0"
"omnimath1031"	"2"
"omnimath1034"	"0"
"omnimath1039"	"0"
"omnimath104"	"0"
"omnimath1040"	"0"
"omnimath1041"	"0"
"omnimath1048"	"0"
"omnimath105"	"0"
"omnimath1050"	"0"
"omnimath1051"	"0"
"omnimath1052"	"0"
"omnimath1057"	"0"
"omnimath1058"	"0"
"omnimath106"	"0"
"omnimath1061"	"0"
"omnimath1062"	"0"
"omnimath1063"	"3"
"omnimath1064"	"0"
"omnimath1066"	"0"
"omnimath1067"	"0"
"omnimath107"	"0"
"omnimath1071"	"0"
"omnimath1076"	"0"
"omnimath108"	"0"
"omnimath1089"	"0"
"omnimath109"	"0"
"omnimath1092"	"0"
"omnimath1093"	"1"
"omnimath1099"	"3"
"omnimath110"	"0"
"omnimath1100"	"0"
"omnimath1101"	"0"
"omnimath1103"	"0"
"omnimath1104"	"0"
"omnimath111"	"0"
"omnimath1113"	"0"
"omnimath1114"	"0"
"omnimath112"	"0"
"omnimath1121"	"6"
"omnimath1122"	"4"
"omnimath1125"	"0"
"omnimath1126"	"0"
"omnimath1127"	"0"
"omnimath1128"	"0"
"omnimath113"	"1"
"omnimath1130"	"0"
"omnimath1131"	"0"
"omnimath1132"	"0"
"omnimath1133"	"2"
"omnimath1135"	"0"
"omnimath1138"	"0"
"omnimath1142"	"0"
"omnimath1145"	"0"
"omnimath1147"	"0"
"omnimath1148"	"0"
"omnimath1149"	"0"
"omnimath1151"	"0"
"omnimath1153"	"0"
"omnimath1154"	"0"
"omnimath1155"	"1"
"omnimath1156"	"0"
"omnimath1157"	"0"
"omnimath1160"	"0"
"omnimath1161"	"0"
"omnimath1164"	"0"
"omnimath1168"	"0"
"omnimath1169"	"0"
"omnimath1170"	"0"
"omnimath1171"	"0"
"omnimath1172"	"0"
"omnimath1173"	"0"
"omnimath1174"	"0"
"omnimath1175"	"0"
"omnimath1176"	"0"
"omnimath1177"	"0"
"omnimath1178"	"0"
"omnimath1182"	"0"
"omnimath1183"	"0"
"omnimath1184"	"0"
"omnimath1186"	"0"
"omnimath1190"	"0"
"omnimath1191"	"0"
"omnimath1193"	"0"
"omnimath1197"	"0"
"omnimath1199"	"0"
"omnimath1201"	"0"
"omnimath1202"	"0"
"omnimath1205"	"0"
"omnimath1206"	"0"
"omnimath1207"	"0"
"omnimath1208"	"0"
"omnimath1209"	"0"
"omnimath121"	"0"
"omnimath1215"	"0"
"omnimath1216"	"0"
"omnimath1217"	"0"
"omnimath1218"	"1"
"omnimath1221"	"0"
"omnimath1222"	"0"
"omnimath1225"	"0"
"omnimath1226"	"4"
"omnimath123"	"1"
"omnimath1231"	"1"
"omnimath1232"	"0"
"omnimath1233"	"0"
"omnimath1234"	"0"
"omnimath1235"	"0"
"omnimath1237"	"0"
"omnimath1239"	"0"
"omnimath124"	"0"
"omnimath1240"	"0"
"omnimath1241"	"0"
"omnimath1245"	"0"
"omnimath1249"	"0"
"omnimath1250"	"0"
"omnimath1251"	"0"
"omnimath1252"	"0"
"omnimath1256"	"0"
"omnimath1258"	"0"
"omnimath1259"	"0"
"omnimath126"	"0"
"omnimath1262"	"0"
"omnimath1264"	"0"
"omnimath1267"	"0"
"omnimath1269"	"4"
"omnimath127"	"0"
"omnimath1273"	"0"
"omnimath1274"	"0"
"omnimath1277"	"0"
"omnimath1278"	"0"
"omnimath1280"	"0"
"omnimath1282"	"0"
"omnimath1284"	"0"
"omnimath1285"	"0"
"omnimath1286"	"0"
"omnimath1287"	"0"
"omnimath1288"	"0"
"omnimath1289"	"0"
"omnimath129"	"0"
"omnimath1290"	"0"
"omnimath1292"	"0"
"omnimath1296"	"0"
"omnimath1298"	"0"
"omnimath1300"	"5"
"omnimath1303"	"0"
"omnimath1306"	"0"
"omnimath1307"	"0"
"omnimath1308"	"0"
"omnimath131"	"0"
"omnimath1310"	"0"
"omnimath1312"	"0"
"omnimath1314"	"0"
"omnimath1316"	"0"
"omnimath1317"	"0"
"omnimath132"	"1"
"omnimath1320"	"0"
"omnimath1322"	"0"
"omnimath1325"	"0"
"omnimath1327"	"0"
"omnimath1328"	"0"
"omnimath1329"	"0"
"omnimath133"	"6"
"omnimath1332"	"0"
"omnimath1333"	"0"
"omnimath1336"	"0"
"omnimath1337"	"0"
"omnimath1339"	"0"
"omnimath134"	"0"
"omnimath1340"	"0"
"omnimath1341"	"0"
"omnimath1344"	"0"
"omnimath1345"	"0"
"omnimath1347"	"0"
"omnimath1348"	"0"
"omnimath1350"	"0"
"omnimath1351"	"0"
"omnimath1352"	"0"
"omnimath1353"	"0"
"omnimath1354"	"0"
"omnimath1356"	"0"
"omnimath1358"	"0"
"omnimath136"	"5"
"omnimath1360"	"0"
"omnimath1362"	"0"
"omnimath1363"	"0"
"omnimath1365"	"0"
"omnimath1366"	"0"
"omnimath1367"	"0"
"omnimath1368"	"0"
"omnimath137"	"0"
"omnimath1371"	"0"
"omnimath1373"	"0"
"omnimath1374"	"0"
"omnimath1375"	"1"
"omnimath1376"	"0"
"omnimath1380"	"0"
"omnimath1384"	"0"
"omnimath1386"	"0"
"omnimath1387"	"0"
"omnimath1388"	"0"
"omnimath1389"	"0"
"omnimath139"	"0"
"omnimath1394"	"0"
"omnimath1395"	"0"
"omnimath1396"	"0"
"omnimath1397"	"0"
"omnimath1398"	"0"
"omnimath1401"	"0"
"omnimath1402"	"0"
"omnimath1405"	"0"
"omnimath1406"	"0"
"omnimath1409"	"0"
"omnimath141"	"0"
"omnimath1410"	"0"
"omnimath1411"	"0"
"omnimath1414"	"0"
"omnimath1417"	"0"
"omnimath1418"	"0"
"omnimath1419"	"0"
"omnimath1420"	"0"
"omnimath1421"	"0"
"omnimath1422"	"0"
"omnimath1423"	"0"
"omnimath1424"	"4"
"omnimath1428"	"0"
"omnimath1429"	"0"
"omnimath143"	"0"
"omnimath1431"	"0"
"omnimath1432"	"0"
"omnimath1433"	"0"
"omnimath1434"	"0"
"omnimath1435"	"0"
"omnimath1437"	"0"
"omnimath1441"	"0"
"omnimath1442"	"0"
"omnimath1443"	"0"
"omnimath1444"	"0"
"omnimath145"	"0"
"omnimath1450"	"0"
"omnimath1451"	"0"
"omnimath1452"	"0"
"omnimath1453"	"0"
"omnimath1458"	"0"
"omnimath1459"	"0"
"omnimath1461"	"0"
"omnimath1462"	"0"
"omnimath1463"	"0"
"omnimath1464"	"0"
"omnimath1465"	"0"
"omnimath1468"	"7"
"omnimath1469"	"0"
"omnimath147"	"0"
"omnimath1470"	"0"
"omnimath1472"	"0"
"omnimath1473"	"0"
"omnimath1476"	"0"
"omnimath1478"	"0"
"omnimath1480"	"0"
"omnimath1484"	"0"
"omnimath1485"	"0"
"omnimath1490"	"0"
"omnimath1491"	"0"
"omnimath1492"	"0"
"omnimath1495"	"0"
"omnimath150"	"0"
"omnimath1502"	"0"
"omnimath1503"	"0"
"omnimath1504"	"0"
"omnimath1508"	"0"
"omnimath1511"	"0"
"omnimath1512"	"0"
"omnimath1515"	"0"
"omnimath1516"	"0"
"omnimath1518"	"0"
"omnimath152"	"0"
"omnimath1520"	"0"
"omnimath1522"	"0"
"omnimath1524"	"0"
"omnimath1525"	"0"
"omnimath1527"	"0"
"omnimath153"	"0"
"omnimath1531"	"0"
"omnimath1533"	"0"
"omnimath1534"	"0"
"omnimath1535"	"0"
"omnimath1537"	"0"
"omnimath1539"	"0"
"omnimath1541"	"0"
"omnimath1544"	"2"
"omnimath1545"	"0"
"omnimath1547"	"0"
"omnimath1548"	"0"
"omnimath1550"	"0"
"omnimath1554"	"0"
"omnimath1556"	"0"
"omnimath1558"	"0"
"omnimath1559"	"0"
"omnimath1560"	"0"
"omnimath1561"	"0"
"omnimath1563"	"0"
"omnimath1565"	"0"
"omnimath1566"	"0"
"omnimath1568"	"0"
"omnimath1573"	"0"
"omnimath1576"	"0"
"omnimath1577"	"0"
"omnimath158"	"0"
"omnimath1580"	"0"
"omnimath1581"	"0"
"omnimath1582"	"0"
"omnimath1583"	"0"
"omnimath1584"	"0"
"omnimath1586"	"0"
"omnimath1588"	"0"
"omnimath1589"	"0"
"omnimath1590"	"0"
"omnimath1591"	"0"
"omnimath1593"	"0"
"omnimath1594"	"4"
"omnimath1596"	"0"
"omnimath1598"	"0"
"omnimath1599"	"0"
"omnimath1600"	"0"
"omnimath1603"	"0"
"omnimath1608"	"0"
"omnimath1609"	"0"
"omnimath1613"	"0"
"omnimath1614"	"0"
"omnimath1615"	"0"
"omnimath1617"	"0"
"omnimath1618"	"0"
"omnimath1619"	"0"
"omnimath162"	"0"
"omnimath1620"	"0"
"omnimath1622"	"3"
"omnimath1623"	"0"
"omnimath1624"	"0"
"omnimath1626"	"0"
"omnimath1628"	"0"
"omnimath1634"	"0"
"omnimath1635"	"0"
"omnimath1636"	"0"
"omnimath1638"	"0"
"omnimath164"	"0"
"omnimath1646"	"1"
"omnimath1649"	"0"
"omnimath1653"	"0"
"omnimath1656"	"0"
"omnimath1660"	"0"
"omnimath1662"	"0"
"omnimath1663"	"0"
"omnimath1666"	"0"
"omnimath1667"	"0"
"omnimath1668"	"0"
"omnimath167"	"0"
"omnimath1670"	"0"
"omnimath1671"	"0"
"omnimath1672"	"0"
"omnimath1676"	"0"
"omnimath1677"	"0"
"omnimath1680"	"0"
"omnimath1683"	"0"
"omnimath1686"	"0"
"omnimath1687"	"0"
"omnimath1688"	"0"
"omnimath1689"	"0"
"omnimath1690"	"0"
"omnimath1691"	"0"
"omnimath1692"	"0"
"omnimath1694"	"0"
"omnimath1697"	"0"
"omnimath1698"	"0"
"omnimath1708"	"0"
"omnimath171"	"0"
"omnimath1710"	"0"
"omnimath1711"	"0"
"omnimath1712"	"0"
"omnimath1717"	"0"
"omnimath172"	"0"
"omnimath1721"	"0"
"omnimath1729"	"0"
"omnimath173"	"0"
"omnimath1732"	"0"
"omnimath1735"	"0"
"omnimath1738"	"0"
"omnimath1743"	"0"
"omnimath1745"	"0"
"omnimath1748"	"0"
"omnimath1749"	"0"
"omnimath1753"	"0"
"omnimath1758"	"0"
"omnimath1759"	"0"
"omnimath176"	"0"
"omnimath1762"	"0"
"omnimath1766"	"0"
"omnimath1767"	"0"
"omnimath1775"	"0"
"omnimath1776"	"0"
"omnimath1784"	"0"
"omnimath1785"	"0"
"omnimath1786"	"0"
"omnimath1787"	"0"
"omnimath1788"	"0"
"omnimath1789"	"1"
"omnimath179"	"0"
"omnimath1790"	"0"
"omnimath1792"	"0"
"omnimath1799"	"0"
"omnimath18"	"0"
"omnimath180"	"0"
"omnimath1802"	"0"
"omnimath1803"	"0"
"omnimath1804"	"0"
"omnimath1805"	"0"
"omnimath1809"	"0"
"omnimath1810"	"0"
"omnimath1813"	"0"
"omnimath1816"	"0"
"omnimath1817"	"0"
"omnimath182"	"0"
"omnimath1821"	"0"
"omnimath1826"	"0"
"omnimath1828"	"0"
"omnimath183"	"0"
"omnimath1831"	"0"
"omnimath1832"	"0"
"omnimath1835"	"0"
"omnimath1836"	"0"
"omnimath1837"	"0"
"omnimath1839"	"0"
"omnimath1840"	"0"
"omnimath1841"	"0"
"omnimath1845"	"0"
"omnimath1846"	"0"
"omnimath1848"	"0"
"omnimath185"	"0"
"omnimath1859"	"0"
"omnimath186"	"0"
"omnimath1861"	"2"
"omnimath1864"	"0"
"omnimath1865"	"0"
"omnimath1867"	"0"
"omnimath1868"	"0"
"omnimath1870"	"0"
"omnimath1873"	"0"
"omnimath1874"	"0"
"omnimath1875"	"0"
"omnimath1876"	"0"
"omnimath1882"	"0"
"omnimath1884"	"0"
"omnimath1887"	"0"
"omnimath1891"	"0"
"omnimath1893"	"0"
"omnimath1894"	"0"
"omnimath1896"	"0"
"omnimath1897"	"0"
"omnimath19"	"0"
"omnimath190"	"0"
"omnimath1900"	"0"
"omnimath1903"	"0"
"omnimath1905"	"0"
"omnimath191"	"0"
"omnimath1911"	"0"
"omnimath1915"	"0"
"omnimath1921"	"0"
"omnimath1925"	"1"
"omnimath1928"	"0"
"omnimath1929"	"0"
"omnimath193"	"0"
"omnimath1930"	"0"
"omnimath1932"	"0"
"omnimath1933"	"0"
"omnimath1938"	"0"
"omnimath1942"	"0"
"omnimath1944"	"0"
"omnimath1948"	"0"
"omnimath1949"	"0"
"omnimath1952"	"0"
"omnimath1953"	"0"
"omnimath1954"	"0"
"omnimath1955"	"0"
"omnimath1956"	"0"
"omnimath1958"	"0"
"omnimath1959"	"0"
"omnimath196"	"0"
"omnimath1960"	"0"
"omnimath1966"	"0"
"omnimath1967"	"0"
"omnimath1968"	"0"
"omnimath197"	"0"
"omnimath1974"	"2"
"omnimath1975"	"0"
"omnimath1977"	"0"
"omnimath198"	"0"
"omnimath1984"	"0"
"omnimath1986"	"0"
"omnimath1987"	"0"
"omnimath199"	"0"
"omnimath1990"	"0"
"omnimath1991"	"5"
"omnimath1992"	"0"
"omnimath1994"	"0"
"omnimath1995"	"0"
"omnimath2"	"0"
"omnimath20"	"0"
"omnimath200"	"0"
"omnimath2000"	"0"
"omnimath2001"	"0"
"omnimath2002"	"0"
"omnimath2006"	"0"
"omnimath2007"	"1"
"omnimath2011"	"0"
"omnimath2017"	"0"
"omnimath202"	"0"
"omnimath2027"	"0"
"omnimath2032"	"0"
"omnimath2033"	"0"
"omnimath2034"	"0"
"omnimath2037"	"0"
"omnimath204"	"0"
"omnimath2040"	"0"
"omnimath2043"	"0"
"omnimath2045"	"0"
"omnimath2051"	"0"
"omnimath2052"	"0"
"omnimath2056"	"0"
"omnimath2057"	"0"
"omnimath2061"	"0"
"omnimath2064"	"0"
"omnimath2065"	"0"
"omnimath207"	"0"
"omnimath2071"	"0"
"omnimath2072"	"0"
"omnimath2073"	"0"
"omnimath2076"	"0"
"omnimath2081"	"0"
"omnimath2083"	"0"
"omnimath2087"	"0"
"omnimath2089"	"0"
"omnimath2090"	"0"
"omnimath2095"	"0"
"omnimath2097"	"0"
"omnimath21"	"0"
"omnimath210"	"0"
"omnimath2102"	"0"
"omnimath2106"	"0"
"omnimath2107"	"0"
"omnimath2109"	"0"
"omnimath211"	"0"
"omnimath2116"	"0"
"omnimath2119"	"0"
"omnimath212"	"0"
"omnimath2121"	"0"
"omnimath2123"	"0"
"omnimath2124"	"0"
"omnimath213"	"2"
"omnimath2130"	"0"
"omnimath2131"	"0"
"omnimath2133"	"3"
"omnimath2134"	"0"
"omnimath2135"	"0"
"omnimath2137"	"0"
"omnimath2139"	"0"
"omnimath2141"	"0"
"omnimath2147"	"0"
"omnimath2148"	"0"
"omnimath215"	"0"
"omnimath2150"	"0"
"omnimath2152"	"0"
"omnimath2155"	"0"
"omnimath2156"	"0"
"omnimath2159"	"0"
"omnimath2160"	"0"
"omnimath2161"	"0"
"omnimath2162"	"0"
"omnimath2164"	"0"
"omnimath2167"	"0"
"omnimath2168"	"0"
"omnimath2169"	"0"
"omnimath217"	"0"
"omnimath2172"	"0"
"omnimath2173"	"0"
"omnimath2174"	"0"
"omnimath2175"	"0"
"omnimath2179"	"0"
"omnimath218"	"0"
"omnimath2184"	"0"
"omnimath219"	"0"
"omnimath2198"	"0"
"omnimath220"	"0"
"omnimath2204"	"0"
"omnimath2205"	"0"
"omnimath2206"	"0"
"omnimath2207"	"0"
"omnimath2210"	"0"
"omnimath2211"	"0"
"omnimath2215"	"0"
"omnimath2216"	"0"
"omnimath2219"	"0"
"omnimath2225"	"0"
"omnimath2229"	"0"
"omnimath223"	"0"
"omnimath2232"	"0"
"omnimath2234"	"0"
"omnimath2237"	"0"
"omnimath2238"	"0"
"omnimath2239"	"0"
"omnimath224"	"0"
"omnimath2244"	"0"
"omnimath2247"	"0"
"omnimath2251"	"0"
"omnimath2254"	"3"
"omnimath2256"	"2"
"omnimath226"	"0"
"omnimath2260"	"0"
"omnimath2263"	"0"
"omnimath2264"	"0"
"omnimath2265"	"0"
"omnimath2267"	"0"
"omnimath2268"	"0"
"omnimath2271"	"0"
"omnimath2272"	"0"
"omnimath2273"	"0"
"omnimath2274"	"0"
"omnimath2275"	"0"
"omnimath2278"	"0"
"omnimath2280"	"0"
"omnimath2282"	"0"
"omnimath2286"	"0"
"omnimath229"	"0"
"omnimath2290"	"0"
"omnimath2293"	"0"
"omnimath2297"	"0"
"omnimath2298"	"0"
"omnimath2299"	"0"
"omnimath23"	"0"
"omnimath230"	"0"
"omnimath2300"	"0"
"omnimath2303"	"0"
"omnimath2304"	"0"
"omnimath2306"	"0"
"omnimath2309"	"2"
"omnimath2312"	"0"
"omnimath2315"	"0"
"omnimath2316"	"0"
"omnimath2321"	"0"
"omnimath2322"	"0"
"omnimath2323"	"0"
"omnimath2326"	"0"
"omnimath2327"	"0"
"omnimath2329"	"2"
"omnimath233"	"0"
"omnimath2331"	"0"
"omnimath234"	"0"
"omnimath2341"	"0"
"omnimath2346"	"0"
"omnimath2347"	"0"
"omnimath2348"	"0"
"omnimath235"	"2"
"omnimath2350"	"0"
"omnimath2351"	"0"
"omnimath2355"	"0"
"omnimath2356"	"0"
"omnimath2357"	"0"
"omnimath2361"	"0"
"omnimath2364"	"0"
"omnimath2367"	"0"
"omnimath237"	"0"
"omnimath2370"	"0"
"omnimath2374"	"0"
"omnimath2376"	"0"
"omnimath2388"	"0"
"omnimath2390"	"0"
"omnimath2392"	"0"
"omnimath2393"	"0"
"omnimath2394"	"0"
"omnimath2396"	"0"
"omnimath2398"	"2"
"omnimath2399"	"0"
"omnimath241"	"0"
"omnimath2410"	"0"
"omnimath2411"	"0"
"omnimath2414"	"6"
"omnimath2415"	"0"
"omnimath2416"	"0"
"omnimath2417"	"0"
"omnimath242"	"0"
"omnimath2422"	"0"
"omnimath2431"	"4"
"omnimath2432"	"0"
"omnimath2433"	"0"
"omnimath2436"	"0"
"omnimath2439"	"0"
"omnimath244"	"0"
"omnimath2443"	"0"
"omnimath2444"	"0"
"omnimath2447"	"0"
"omnimath2448"	"0"
"omnimath245"	"0"
"omnimath2451"	"0"
"omnimath2454"	"0"
"omnimath246"	"0"
"omnimath2460"	"0"
"omnimath2463"	"0"
"omnimath2464"	"0"
"omnimath2465"	"0"
"omnimath2468"	"0"
"omnimath2469"	"0"
"omnimath2471"	"0"
"omnimath2474"	"0"
"omnimath2476"	"0"
"omnimath2477"	"0"
"omnimath2479"	"0"
"omnimath2482"	"0"
"omnimath2485"	"0"
"omnimath2486"	"0"
"omnimath2487"	"0"
"omnimath2489"	"0"
"omnimath2490"	"0"
"omnimath2493"	"0"
"omnimath2494"	"0"
"omnimath2496"	"0"
"omnimath25"	"0"
"omnimath250"	"0"
"omnimath2501"	"0"
"omnimath2502"	"0"
"omnimath2503"	"0"
"omnimath2504"	"0"
"omnimath2507"	"0"
"omnimath251"	"0"
"omnimath2510"	"0"
"omnimath2511"	"0"
"omnimath2516"	"0"
"omnimath2519"	"0"
"omnimath252"	"0"
"omnimath2525"	"0"
"omnimath253"	"0"
"omnimath2532"	"0"
"omnimath2534"	"1"
"omnimath2535"	"0"
"omnimath2538"	"0"
"omnimath2539"	"0"
"omnimath254"	"0"
"omnimath2541"	"0"
"omnimath2543"	"0"
"omnimath2545"	"2"
"omnimath2547"	"0"
"omnimath2549"	"0"
"omnimath2553"	"0"
"omnimath2559"	"1"
"omnimath256"	"0"
"omnimath2562"	"0"
"omnimath2564"	"0"
"omnimath2568"	"0"
"omnimath2569"	"0"
"omnimath257"	"0"
"omnimath2570"	"0"
"omnimath2571"	"0"
"omnimath2576"	"0"
"omnimath2577"	"0"
"omnimath258"	"0"
"omnimath2586"	"0"
"omnimath2589"	"0"
"omnimath259"	"0"
"omnimath2592"	"0"
"omnimath2593"	"0"
"omnimath2595"	"0"
"omnimath2596"	"0"
"omnimath2597"	"0"
"omnimath2603"	"0"
"omnimath2605"	"0"
"omnimath261"	"0"
"omnimath2610"	"0"
"omnimath2612"	"0"
"omnimath262"	"0"
"omnimath2627"	"0"
"omnimath263"	"0"
"omnimath2631"	"0"
"omnimath2633"	"0"
"omnimath2636"	"0"
"omnimath2640"	"0"
"omnimath2642"	"0"
"omnimath2643"	"0"
"omnimath265"	"0"
"omnimath2650"	"0"
"omnimath2653"	"0"
"omnimath2655"	"0"
"omnimath2657"	"0"
"omnimath2658"	"0"
"omnimath2659"	"0"
"omnimath266"	"0"
"omnimath2660"	"0"
"omnimath2661"	"4"
"omnimath2662"	"0"
"omnimath2664"	"7"
"omnimath2665"	"4"
"omnimath2666"	"2"
"omnimath2667"	"0"
"omnimath2668"	"4"
"omnimath2669"	"0"
"omnimath267"	"0"
"omnimath2670"	"0"
"omnimath2672"	"0"
"omnimath2673"	"0"
"omnimath2674"	"0"
"omnimath2675"	"3"
"omnimath2676"	"0"
"omnimath2677"	"2"
"omnimath2678"	"5"
"omnimath268"	"0"
"omnimath2680"	"0"
"omnimath2681"	"0"
"omnimath2684"	"0"
"omnimath2687"	"1"
"omnimath2689"	"4"
"omnimath2691"	"2"
"omnimath2693"	"0"
"omnimath2695"	"0"
"omnimath2696"	"6"
"omnimath2697"	"0"
"omnimath2698"	"0"
"omnimath2699"	"0"
"omnimath27"	"0"
"omnimath2700"	"4"
"omnimath2701"	"0"
"omnimath2702"	"0"
"omnimath2705"	"5"
"omnimath2706"	"0"
"omnimath2707"	"5"
"omnimath2708"	"5"
"omnimath2709"	"4"
"omnimath271"	"0"
"omnimath2710"	"0"
"omnimath2711"	"0"
"omnimath2712"	"0"
"omnimath2713"	"0"
"omnimath2716"	"0"
"omnimath2718"	"0"
"omnimath2719"	"0"
"omnimath272"	"0"
"omnimath2722"	"0"
"omnimath2723"	"2"
"omnimath2728"	"0"
"omnimath2729"	"2"
"omnimath273"	"0"
"omnimath2730"	"3"
"omnimath2731"	"0"
"omnimath2733"	"0"
"omnimath2734"	"0"
"omnimath2741"	"0"
"omnimath2743"	"5"
"omnimath2744"	"0"
"omnimath2745"	"0"
"omnimath2748"	"0"
"omnimath275"	"0"
"omnimath2750"	"3"
"omnimath2751"	"0"
"omnimath2754"	"0"
"omnimath2758"	"5"
"omnimath2759"	"2"
"omnimath276"	"0"
"omnimath2762"	"0"
"omnimath2765"	"0"
"omnimath2766"	"5"
"omnimath2768"	"6"
"omnimath277"	"0"
"omnimath2771"	"0"
"omnimath2772"	"0"
"omnimath2773"	"0"
"omnimath2774"	"0"
"omnimath2775"	"0"
"omnimath2776"	"0"
"omnimath2778"	"0"
"omnimath2779"	"0"
"omnimath2783"	"0"
"omnimath2785"	"0"
"omnimath2787"	"0"
"omnimath2791"	"0"
"omnimath2792"	"1"
"omnimath2793"	"0"
"omnimath2795"	"4"
"omnimath2796"	"0"
"omnimath2798"	"0"
"omnimath2799"	"4"
"omnimath280"	"0"
"omnimath2800"	"0"
"omnimath2801"	"0"
"omnimath2803"	"0"
"omnimath2804"	"0"
"omnimath2805"	"0"
"omnimath2809"	"0"
"omnimath2812"	"0"
"omnimath2813"	"0"
"omnimath2814"	"0"
"omnimath2815"	"0"
"omnimath2816"	"0"
"omnimath2817"	"0"
"omnimath2818"	"0"
"omnimath2819"	"0"
"omnimath2820"	"0"
"omnimath2823"	"4"
"omnimath2824"	"4"
"omnimath2826"	"0"
"omnimath2827"	"0"
"omnimath2831"	"0"
"omnimath2833"	"0"
"omnimath2836"	"0"
"omnimath2837"	"0"
"omnimath2842"	"0"
"omnimath2845"	"0"
"omnimath2846"	"0"
"omnimath2847"	"0"
"omnimath2849"	"2"
"omnimath2853"	"0"
"omnimath2855"	"5"
"omnimath2857"	"0"
"omnimath2861"	"0"
"omnimath2862"	"0"
"omnimath2863"	"0"
"omnimath2864"	"3"
"omnimath2865"	"0"
"omnimath2867"	"0"
"omnimath2869"	"6"
"omnimath287"	"0"
"omnimath2870"	"4"
"omnimath2871"	"5"
"omnimath2872"	"0"
"omnimath2874"	"3"
"omnimath2876"	"4"
"omnimath2877"	"0"
"omnimath2878"	"0"
"omnimath2879"	"1"
"omnimath2880"	"0"
"omnimath2881"	"4"
"omnimath2882"	"0"
"omnimath2883"	"0"
"omnimath2886"	"0"
"omnimath2887"	"6"
"omnimath2888"	"0"
"omnimath289"	"0"
"omnimath2890"	"0"
"omnimath2891"	"3"
"omnimath2892"	"0"
"omnimath2894"	"0"
"omnimath2896"	"0"
"omnimath2898"	"1"
"omnimath2899"	"0"
"omnimath29"	"0"
"omnimath2901"	"3"
"omnimath2904"	"0"
"omnimath2905"	"3"
"omnimath2906"	"0"
"omnimath2909"	"0"
"omnimath291"	"0"
"omnimath2912"	"0"
"omnimath2913"	"0"
"omnimath2917"	"5"
"omnimath2918"	"0"
"omnimath292"	"0"
"omnimath2921"	"0"
"omnimath2924"	"0"
"omnimath2926"	"0"
"omnimath2927"	"2"
"omnimath2928"	"0"
"omnimath293"	"0"
"omnimath2930"	"5"
"omnimath2931"	"0"
"omnimath2932"	"0"
"omnimath2934"	"5"
"omnimath2935"	"0"
"omnimath2936"	"0"
"omnimath2937"	"0"
"omnimath2938"	"6"
"omnimath294"	"0"
"omnimath2940"	"0"
"omnimath2941"	"0"
"omnimath2942"	"0"
"omnimath2943"	"0"
"omnimath2948"	"0"
"omnimath2949"	"2"
"omnimath2950"	"0"
"omnimath2952"	"0"
"omnimath2954"	"0"
"omnimath2957"	"6"
"omnimath296"	"0"
"omnimath2960"	"0"
"omnimath2963"	"0"
"omnimath2964"	"0"
"omnimath2965"	"0"
"omnimath2966"	"4"
"omnimath2969"	"0"
"omnimath2970"	"0"
"omnimath2972"	"0"
"omnimath2973"	"0"
"omnimath2974"	"3"
"omnimath2975"	"2"
"omnimath2977"	"0"
"omnimath298"	"0"
"omnimath2981"	"0"
"omnimath2983"	"0"
"omnimath2984"	"0"
"omnimath2985"	"0"
"omnimath2986"	"0"
"omnimath2988"	"0"
"omnimath2989"	"2"
"omnimath299"	"0"
"omnimath2992"	"0"
"omnimath2993"	"0"
"omnimath2994"	"0"
"omnimath2997"	"2"
"omnimath3"	"0"
"omnimath300"	"0"
"omnimath3000"	"0"
"omnimath3001"	"0"
"omnimath3003"	"2"
"omnimath3004"	"7"
"omnimath3005"	"0"
"omnimath3006"	"0"
"omnimath3009"	"0"
"omnimath301"	"0"
"omnimath3010"	"1"
"omnimath3011"	"0"
"omnimath3012"	"0"
"omnimath3014"	"2"
"omnimath3015"	"0"
"omnimath3017"	"0"
"omnimath3018"	"0"
"omnimath3019"	"3"
"omnimath302"	"0"
"omnimath3025"	"4"
"omnimath3026"	"0"
"omnimath3027"	"0"
"omnimath303"	"0"
"omnimath3030"	"0"
"omnimath3032"	"0"
"omnimath3033"	"0"
"omnimath3035"	"1"
"omnimath3036"	"0"
"omnimath3038"	"2"
"omnimath3039"	"0"
"omnimath3040"	"0"
"omnimath3042"	"0"
"omnimath3043"	"4"
"omnimath3047"	"0"
"omnimath305"	"0"
"omnimath3050"	"7"
"omnimath3051"	"0"
"omnimath3053"	"4"
"omnimath3054"	"2"
"omnimath3055"	"1"
"omnimath3057"	"0"
"omnimath3059"	"2"
"omnimath306"	"1"
"omnimath3060"	"0"
"omnimath3061"	"0"
"omnimath3064"	"0"
"omnimath3065"	"6"
"omnimath307"	"0"
"omnimath3070"	"0"
"omnimath3071"	"0"
"omnimath3072"	"3"
"omnimath3073"	"9"
"omnimath3075"	"0"
"omnimath3078"	"1"
"omnimath3079"	"1"
"omnimath308"	"0"
"omnimath3080"	"0"
"omnimath3086"	"0"
"omnimath3087"	"1"
"omnimath3088"	"0"
"omnimath3089"	"0"
"omnimath3090"	"6"
"omnimath3092"	"0"
"omnimath3094"	"2"
"omnimath3095"	"0"
"omnimath3096"	"3"
"omnimath3097"	"5"
"omnimath3099"	"0"
"omnimath31"	"0"
"omnimath3100"	"0"
"omnimath3105"	"0"
"omnimath3107"	"0"
"omnimath3108"	"5"
"omnimath311"	"0"
"omnimath3111"	"0"
"omnimath3113"	"0"
"omnimath3115"	"2"
"omnimath3116"	"0"
"omnimath3117"	"0"
"omnimath312"	"0"
"omnimath3120"	"3"
"omnimath3121"	"0"
"omnimath3122"	"0"
"omnimath3124"	"4"
"omnimath3126"	"0"
"omnimath313"	"0"
"omnimath3130"	"0"
"omnimath3134"	"0"
"omnimath3135"	"0"
"omnimath3136"	"0"
"omnimath3137"	"7"
"omnimath3139"	"0"
"omnimath314"	"0"
"omnimath3144"	"0"
"omnimath3146"	"8"
"omnimath3148"	"0"
"omnimath3149"	"0"
"omnimath315"	"0"
"omnimath3152"	"3"
"omnimath3154"	"0"
"omnimath3155"	"0"
"omnimath3162"	"0"
"omnimath3165"	"4"
"omnimath3168"	"0"
"omnimath317"	"0"
"omnimath3171"	"0"
"omnimath3174"	"0"
"omnimath3176"	"0"
"omnimath3179"	"0"
"omnimath3180"	"0"
"omnimath3181"	"0"
"omnimath3182"	"0"
"omnimath3184"	"0"
"omnimath3187"	"1"
"omnimath3189"	"1"
"omnimath3191"	"0"
"omnimath3192"	"0"
"omnimath3193"	"0"
"omnimath3195"	"0"
"omnimath3196"	"0"
"omnimath3197"	"1"
"omnimath3198"	"0"
"omnimath3199"	"0"
"omnimath32"	"0"
"omnimath3200"	"0"
"omnimath3201"	"0"
"omnimath3202"	"0"
"omnimath3203"	"0"
"omnimath3204"	"0"
"omnimath3205"	"0"
"omnimath3207"	"0"
"omnimath3209"	"0"
"omnimath3210"	"5"
"omnimath3214"	"0"
"omnimath3215"	"0"
"omnimath3218"	"0"
"omnimath322"	"0"
"omnimath3220"	"0"
"omnimath3223"	"0"
"omnimath3227"	"0"
"omnimath3230"	"0"
"omnimath3235"	"0"
"omnimath3236"	"0"
"omnimath3240"	"0"
"omnimath3241"	"0"
"omnimath3242"	"0"
"omnimath3245"	"0"
"omnimath3246"	"0"
"omnimath3247"	"0"
"omnimath3248"	"0"
"omnimath325"	"0"
"omnimath3250"	"0"
"omnimath3256"	"0"
"omnimath3257"	"0"
"omnimath326"	"0"
"omnimath3260"	"0"
"omnimath3261"	"0"
"omnimath3263"	"2"
"omnimath3264"	"0"
"omnimath3267"	"0"
"omnimath3269"	"0"
"omnimath327"	"0"
"omnimath3273"	"0"
"omnimath3274"	"0"
"omnimath3278"	"0"
"omnimath3279"	"5"
"omnimath328"	"0"
"omnimath3282"	"0"
"omnimath3283"	"0"
"omnimath3286"	"2"
"omnimath3287"	"0"
"omnimath329"	"0"
"omnimath3290"	"0"
"omnimath3294"	"0"
"omnimath3296"	"1"
"omnimath3297"	"0"
"omnimath3299"	"0"
"omnimath33"	"0"
"omnimath330"	"0"
"omnimath3302"	"0"
"omnimath3304"	"0"
"omnimath3306"	"0"
"omnimath3310"	"0"
"omnimath3311"	"0"
"omnimath3316"	"0"
"omnimath3319"	"0"
"omnimath3321"	"0"
"omnimath3323"	"0"
"omnimath3327"	"2"
"omnimath3328"	"0"
"omnimath3330"	"0"
"omnimath3332"	"0"
"omnimath3333"	"4"
"omnimath3335"	"0"
"omnimath3336"	"0"
"omnimath3337"	"0"
"omnimath3338"	"0"
"omnimath3340"	"0"
"omnimath3341"	"0"
"omnimath3342"	"0"
"omnimath3343"	"0"
"omnimath3344"	"2"
"omnimath3345"	"0"
"omnimath3346"	"0"
"omnimath3347"	"0"
"omnimath3348"	"0"
"omnimath3350"	"3"
"omnimath3351"	"0"
"omnimath3353"	"0"
"omnimath3354"	"0"
"omnimath3357"	"1"
"omnimath3358"	"0"
"omnimath336"	"0"
"omnimath3360"	"0"
"omnimath3365"	"0"
"omnimath3369"	"0"
"omnimath3372"	"2"
"omnimath3373"	"0"
"omnimath3374"	"0"
"omnimath3376"	"0"
"omnimath3377"	"0"
"omnimath3379"	"0"
"omnimath3381"	"0"
"omnimath3382"	"3"
"omnimath3384"	"0"
"omnimath3387"	"0"
"omnimath3388"	"0"
"omnimath3389"	"0"
"omnimath339"	"0"
"omnimath3390"	"0"
"omnimath3391"	"7"
"omnimath3392"	"0"
"omnimath3393"	"6"
"omnimath3395"	"3"
"omnimath3398"	"6"
"omnimath3399"	"0"
"omnimath34"	"0"
"omnimath340"	"0"
"omnimath3401"	"1"
"omnimath3403"	"0"
"omnimath3404"	"0"
"omnimath3405"	"0"
"omnimath3406"	"0"
"omnimath3408"	"0"
"omnimath3410"	"4"
"omnimath3412"	"0"
"omnimath3414"	"3"
"omnimath3419"	"0"
"omnimath342"	"0"
"omnimath3422"	"0"
"omnimath3423"	"1"
"omnimath3425"	"0"
"omnimath3426"	"0"
"omnimath3427"	"0"
"omnimath3428"	"3"
"omnimath3431"	"0"
"omnimath3436"	"0"
"omnimath3437"	"0"
"omnimath3438"	"2"
"omnimath3440"	"0"
"omnimath3441"	"0"
"omnimath3443"	"0"
"omnimath3444"	"0"
"omnimath3445"	"0"
"omnimath3446"	"0"
"omnimath3448"	"1"
"omnimath3451"	"4"
"omnimath3452"	"0"
"omnimath3455"	"0"
"omnimath3456"	"1"
"omnimath3458"	"0"
"omnimath346"	"0"
"omnimath3460"	"0"
"omnimath3462"	"0"
"omnimath3464"	"2"
"omnimath3467"	"0"
"omnimath3469"	"0"
"omnimath3473"	"4"
"omnimath3474"	"0"
"omnimath3475"	"1"
"omnimath3478"	"0"
"omnimath3483"	"0"
"omnimath3486"	"4"
"omnimath3490"	"5"
"omnimath3493"	"0"
"omnimath3498"	"0"
"omnimath35"	"0"
"omnimath350"	"0"
"omnimath3500"	"0"
"omnimath3501"	"4"
"omnimath3504"	"0"
"omnimath3507"	"2"
"omnimath3509"	"7"
"omnimath351"	"0"
"omnimath3511"	"2"
"omnimath3513"	"1"
"omnimath3516"	"0"
"omnimath3518"	"0"
"omnimath352"	"0"
"omnimath3520"	"0"
"omnimath3521"	"0"
"omnimath3525"	"0"
"omnimath3527"	"0"
"omnimath3528"	"0"
"omnimath3530"	"0"
"omnimath3531"	"0"
"omnimath3533"	"0"
"omnimath3534"	"0"
"omnimath3543"	"0"
"omnimath3544"	"0"
"omnimath3545"	"0"
"omnimath3550"	"0"
"omnimath3553"	"0"
"omnimath3554"	"0"
"omnimath3555"	"0"
"omnimath3556"	"0"
"omnimath3557"	"0"
"omnimath3561"	"0"
"omnimath3562"	"0"
"omnimath3564"	"0"
"omnimath3565"	"0"
"omnimath3568"	"0"
"omnimath3569"	"0"
"omnimath357"	"0"
"omnimath3572"	"0"
"omnimath3576"	"0"
"omnimath3577"	"0"
"omnimath3578"	"0"
"omnimath3582"	"0"
"omnimath3584"	"0"
"omnimath3585"	"0"
"omnimath3586"	"0"
"omnimath3587"	"0"
"omnimath3588"	"0"
"omnimath359"	"0"
"omnimath3591"	"0"
"omnimath3593"	"0"
"omnimath3595"	"0"
"omnimath3599"	"0"
"omnimath36"	"1"
"omnimath360"	"0"
"omnimath3604"	"0"
"omnimath3607"	"0"
"omnimath3609"	"0"
"omnimath3610"	"0"
"omnimath3614"	"0"
"omnimath3615"	"0"
"omnimath3616"	"1"
"omnimath3618"	"0"
"omnimath3619"	"0"
"omnimath3620"	"0"
"omnimath3622"	"0"
"omnimath3625"	"0"
"omnimath3627"	"0"
"omnimath363"	"0"
"omnimath3630"	"0"
"omnimath3633"	"0"
"omnimath3634"	"0"
"omnimath3635"	"0"
"omnimath3638"	"0"
"omnimath3639"	"0"
"omnimath3643"	"0"
"omnimath3644"	"0"
"omnimath3645"	"0"
"omnimath3647"	"0"
"omnimath3648"	"0"
"omnimath3649"	"1"
"omnimath3650"	"0"
"omnimath3652"	"0"
"omnimath3654"	"0"
"omnimath3656"	"0"
"omnimath3658"	"0"
"omnimath3659"	"0"
"omnimath3663"	"0"
"omnimath3666"	"0"
"omnimath3667"	"0"
"omnimath3668"	"0"
"omnimath367"	"0"
"omnimath3670"	"0"
"omnimath3672"	"0"
"omnimath3673"	"0"
"omnimath3674"	"0"
"omnimath3676"	"0"
"omnimath3677"	"0"
"omnimath3678"	"0"
"omnimath3679"	"0"
"omnimath3680"	"0"
"omnimath3681"	"0"
"omnimath3685"	"0"
"omnimath3688"	"0"
"omnimath3691"	"0"
"omnimath3695"	"0"
"omnimath3696"	"0"
"omnimath3697"	"0"
"omnimath3698"	"0"
"omnimath3699"	"0"
"omnimath3700"	"0"
"omnimath3703"	"0"
"omnimath3705"	"0"
"omnimath3706"	"0"
"omnimath3707"	"0"
"omnimath3708"	"0"
"omnimath371"	"0"
"omnimath3711"	"0"
"omnimath3712"	"0"
"omnimath3713"	"0"
"omnimath3714"	"0"
"omnimath3715"	"0"
"omnimath3719"	"0"
"omnimath372"	"2"
"omnimath3722"	"0"
"omnimath3723"	"0"
"omnimath3725"	"0"
"omnimath3727"	"0"
"omnimath373"	"0"
"omnimath3730"	"0"
"omnimath3731"	"0"
"omnimath3732"	"0"
"omnimath3736"	"0"
"omnimath3740"	"1"
"omnimath3741"	"0"
"omnimath3742"	"0"
"omnimath3744"	"0"
"omnimath3746"	"0"
"omnimath3748"	"0"
"omnimath3751"	"0"
"omnimath3752"	"0"
"omnimath3754"	"0"
"omnimath3756"	"0"
"omnimath3758"	"0"
"omnimath3759"	"0"
"omnimath3761"	"0"
"omnimath3762"	"0"
"omnimath3766"	"0"
"omnimath3767"	"7"
"omnimath3769"	"0"
"omnimath377"	"0"
"omnimath3772"	"0"
"omnimath3773"	"0"
"omnimath3775"	"0"
"omnimath3777"	"0"
"omnimath3779"	"0"
"omnimath3783"	"0"
"omnimath3787"	"0"
"omnimath3788"	"0"
"omnimath3790"	"0"
"omnimath3792"	"0"
"omnimath3794"	"0"
"omnimath3796"	"2"
"omnimath3797"	"0"
"omnimath3799"	"0"
"omnimath380"	"0"
"omnimath3801"	"0"
"omnimath3802"	"0"
"omnimath3803"	"0"
"omnimath3805"	"0"
"omnimath3807"	"0"
"omnimath3808"	"0"
"omnimath3809"	"0"
"omnimath3810"	"0"
"omnimath3811"	"0"
"omnimath3812"	"0"
"omnimath3813"	"0"
"omnimath3815"	"0"
"omnimath3816"	"0"
"omnimath3818"	"0"
"omnimath3819"	"0"
"omnimath3820"	"0"
"omnimath3821"	"0"
"omnimath3822"	"0"
"omnimath3823"	"0"
"omnimath3824"	"0"
"omnimath3825"	"0"
"omnimath3827"	"0"
"omnimath3829"	"0"
"omnimath383"	"0"
"omnimath3830"	"0"
"omnimath3835"	"0"
"omnimath3836"	"0"
"omnimath3837"	"0"
"omnimath3838"	"0"
"omnimath3843"	"0"
"omnimath3844"	"0"
"omnimath3847"	"0"
"omnimath385"	"0"
"omnimath3851"	"0"
"omnimath3854"	"4"
"omnimath3856"	"0"
"omnimath3860"	"0"
"omnimath3861"	"0"
"omnimath3862"	"0"
"omnimath3863"	"0"
"omnimath3864"	"0"
"omnimath3865"	"0"
"omnimath3866"	"0"
"omnimath3867"	"0"
"omnimath3868"	"0"
"omnimath3870"	"0"
"omnimath3873"	"0"
"omnimath3874"	"0"
"omnimath3876"	"0"
"omnimath3878"	"0"
"omnimath388"	"0"
"omnimath3882"	"0"
"omnimath3883"	"0"
"omnimath3885"	"0"
"omnimath3887"	"0"
"omnimath3889"	"0"
"omnimath3890"	"0"
"omnimath3891"	"0"
"omnimath3892"	"0"
"omnimath3896"	"0"
"omnimath3897"	"0"
"omnimath3898"	"0"
"omnimath39"	"0"
"omnimath3900"	"0"
"omnimath3901"	"0"
"omnimath3903"	"0"
"omnimath3904"	"0"
"omnimath3908"	"0"
"omnimath3912"	"0"
"omnimath3916"	"0"
"omnimath3922"	"4"
"omnimath3923"	"0"
"omnimath3924"	"0"
"omnimath3925"	"0"
"omnimath3926"	"0"
"omnimath3928"	"0"
"omnimath393"	"0"
"omnimath3932"	"0"
"omnimath3933"	"0"
"omnimath3936"	"0"
"omnimath3938"	"0"
"omnimath3940"	"0"
"omnimath3941"	"0"
"omnimath3942"	"0"
"omnimath3943"	"0"
"omnimath3944"	"0"
"omnimath3948"	"0"
"omnimath3949"	"0"
"omnimath395"	"0"
"omnimath3950"	"0"
"omnimath3951"	"0"
"omnimath3952"	"0"
"omnimath3954"	"0"
"omnimath3956"	"0"
"omnimath3958"	"0"
"omnimath396"	"0"
"omnimath3961"	"3"
"omnimath3968"	"0"
"omnimath3970"	"0"
"omnimath3973"	"0"
"omnimath3974"	"0"
"omnimath3975"	"0"
"omnimath3977"	"0"
"omnimath398"	"0"
"omnimath3980"	"0"
"omnimath3982"	"0"
"omnimath3983"	"0"
"omnimath3985"	"0"
"omnimath3989"	"0"
"omnimath3991"	"1"
"omnimath3992"	"0"
"omnimath3994"	"0"
"omnimath3996"	"0"
"omnimath3997"	"0"
"omnimath40"	"0"
"omnimath4000"	"0"
"omnimath4004"	"0"
"omnimath4006"	"0"
"omnimath4008"	"0"
"omnimath401"	"1"
"omnimath4010"	"0"
"omnimath4012"	"0"
"omnimath4013"	"0"
"omnimath4014"	"0"
"omnimath4015"	"0"
"omnimath4016"	"0"
"omnimath4018"	"0"
"omnimath4020"	"0"
"omnimath4023"	"0"
"omnimath4025"	"0"
"omnimath403"	"0"
"omnimath4030"	"0"
"omnimath4033"	"0"
"omnimath4039"	"0"
"omnimath4041"	"0"
"omnimath4043"	"0"
"omnimath4048"	"3"
"omnimath4049"	"0"
"omnimath405"	"0"
"omnimath4050"	"0"
"omnimath4052"	"0"
"omnimath4053"	"0"
"omnimath4054"	"0"
"omnimath4055"	"0"
"omnimath4056"	"0"
"omnimath4057"	"0"
"omnimath4058"	"0"
"omnimath4062"	"0"
"omnimath4063"	"0"
"omnimath4064"	"2"
"omnimath4066"	"0"
"omnimath407"	"0"
"omnimath4073"	"0"
"omnimath4074"	"0"
"omnimath4075"	"0"
"omnimath4076"	"0"
"omnimath4079"	"0"
"omnimath408"	"0"
"omnimath4081"	"3"
"omnimath4082"	"0"
"omnimath4085"	"0"
"omnimath4087"	"0"
"omnimath4088"	"0"
"omnimath4090"	"0"
"omnimath4093"	"0"
"omnimath4094"	"0"
"omnimath4095"	"0"
"omnimath4097"	"0"
"omnimath410"	"0"
"omnimath4100"	"0"
"omnimath4102"	"0"
"omnimath4103"	"0"
"omnimath4104"	"0"
"omnimath411"	"0"
"omnimath4110"	"0"
"omnimath4112"	"0"
"omnimath4113"	"0"
"omnimath4114"	"0"
"omnimath4117"	"0"
"omnimath4121"	"0"
"omnimath4122"	"0"
"omnimath4124"	"0"
"omnimath4126"	"0"
"omnimath4128"	"0"
"omnimath413"	"0"
"omnimath4130"	"0"
"omnimath4131"	"0"
"omnimath4132"	"0"
"omnimath4135"	"0"
"omnimath4136"	"0"
"omnimath4138"	"0"
"omnimath4139"	"0"
"omnimath4140"	"0"
"omnimath4141"	"0"
"omnimath4142"	"0"
"omnimath4144"	"0"
"omnimath4147"	"0"
"omnimath4148"	"0"
"omnimath4149"	"0"
"omnimath415"	"0"
"omnimath4150"	"0"
"omnimath4151"	"0"
"omnimath4153"	"0"
"omnimath4154"	"0"
"omnimath4158"	"0"
"omnimath4159"	"0"
"omnimath4162"	"0"
"omnimath4163"	"2"
"omnimath4164"	"0"
"omnimath4165"	"0"
"omnimath4169"	"0"
"omnimath417"	"0"
"omnimath4170"	"0"
"omnimath4171"	"0"
"omnimath4172"	"0"
"omnimath4173"	"0"
"omnimath4175"	"0"
"omnimath4178"	"0"
"omnimath4179"	"0"
"omnimath4180"	"0"
"omnimath4183"	"0"
"omnimath4184"	"1"
"omnimath4186"	"0"
"omnimath4189"	"0"
"omnimath419"	"0"
"omnimath4194"	"0"
"omnimath4195"	"0"
"omnimath4199"	"0"
"omnimath42"	"4"
"omnimath4202"	"0"
"omnimath4203"	"0"
"omnimath4205"	"0"
"omnimath4207"	"0"
"omnimath4208"	"0"
"omnimath421"	"0"
"omnimath4211"	"0"
"omnimath4212"	"0"
"omnimath4213"	"0"
"omnimath4214"	"0"
"omnimath4215"	"0"
"omnimath4216"	"0"
"omnimath4217"	"0"
"omnimath422"	"0"
"omnimath4224"	"0"
"omnimath4226"	"0"
"omnimath4227"	"0"
"omnimath4228"	"0"
"omnimath4229"	"0"
"omnimath4231"	"0"
"omnimath4233"	"0"
"omnimath4236"	"0"
"omnimath4237"	"0"
"omnimath4239"	"0"
"omnimath4242"	"0"
"omnimath4245"	"0"
"omnimath4248"	"0"
"omnimath425"	"0"
"omnimath4250"	"0"
"omnimath4251"	"0"
"omnimath4254"	"0"
"omnimath4261"	"0"
"omnimath4263"	"0"
"omnimath4265"	"0"
"omnimath4267"	"2"
"omnimath427"	"2"
"omnimath4271"	"0"
"omnimath4272"	"0"
"omnimath4273"	"0"
"omnimath4276"	"0"
"omnimath4278"	"0"
"omnimath4279"	"0"
"omnimath4284"	"0"
"omnimath4285"	"0"
"omnimath4286"	"0"
"omnimath4287"	"0"
"omnimath4288"	"0"
"omnimath429"	"0"
"omnimath4292"	"0"
"omnimath4295"	"0"
"omnimath4297"	"0"
"omnimath4298"	"0"
"omnimath43"	"0"
"omnimath4301"	"0"
"omnimath4303"	"2"
"omnimath4305"	"0"
"omnimath4308"	"0"
"omnimath4309"	"2"
"omnimath4312"	"0"
"omnimath4313"	"0"
"omnimath4314"	"0"
"omnimath4316"	"0"
"omnimath432"	"0"
"omnimath4322"	"0"
"omnimath4324"	"1"
"omnimath4326"	"0"
"omnimath433"	"0"
"omnimath4331"	"1"
"omnimath4332"	"0"
"omnimath4335"	"6"
"omnimath4336"	"0"
"omnimath4338"	"0"
"omnimath4341"	"0"
"omnimath4344"	"0"
"omnimath4346"	"0"
"omnimath4347"	"0"
"omnimath4348"	"0"
"omnimath435"	"0"
"omnimath4350"	"0"
"omnimath4356"	"0"
"omnimath4357"	"0"
"omnimath436"	"0"
"omnimath4360"	"3"
"omnimath4362"	"0"
"omnimath4365"	"0"
"omnimath4366"	"0"
"omnimath4367"	"0"
"omnimath4368"	"0"
"omnimath437"	"0"
"omnimath4370"	"0"
"omnimath4373"	"0"
"omnimath4374"	"1"
"omnimath4380"	"0"
"omnimath4381"	"0"
"omnimath4382"	"0"
"omnimath4390"	"0"
"omnimath4392"	"0"
"omnimath4394"	"0"
"omnimath4395"	"0"
"omnimath4397"	"0"
"omnimath440"	"0"
"omnimath4403"	"0"
"omnimath4404"	"1"
"omnimath4405"	"0"
"omnimath4406"	"0"
"omnimath4407"	"0"
"omnimath4408"	"0"
"omnimath4409"	"0"
"omnimath441"	"0"
"omnimath4412"	"0"
"omnimath4414"	"0"
"omnimath4418"	"0"
"omnimath442"	"0"
"omnimath4423"	"0"
"omnimath4424"	"0"
"omnimath4425"	"0"
"omnimath443"	"0"
"omnimath444"	"0"
"omnimath446"	"0"
"omnimath447"	"0"
"omnimath449"	"0"
"omnimath450"	"0"
"omnimath451"	"0"
"omnimath453"	"0"
"omnimath455"	"0"
"omnimath457"	"0"
"omnimath458"	"0"
"omnimath459"	"0"
"omnimath460"	"0"
"omnimath466"	"0"
"omnimath467"	"0"
"omnimath468"	"0"
"omnimath469"	"0"
"omnimath47"	"0"
"omnimath471"	"0"
"omnimath472"	"0"
"omnimath477"	"0"
"omnimath480"	"0"
"omnimath481"	"0"
"omnimath483"	"0"
"omnimath49"	"0"
"omnimath494"	"0"
"omnimath499"	"0"
"omnimath50"	"0"
"omnimath502"	"0"
"omnimath505"	"0"
"omnimath507"	"0"
"omnimath508"	"0"
"omnimath510"	"0"
"omnimath511"	"2"
"omnimath513"	"0"
"omnimath514"	"0"
"omnimath515"	"0"
"omnimath516"	"0"
"omnimath518"	"0"
"omnimath52"	"0"
"omnimath523"	"0"
"omnimath524"	"0"
"omnimath527"	"0"
"omnimath528"	"0"
"omnimath53"	"0"
"omnimath531"	"1"
"omnimath533"	"0"
"omnimath534"	"0"
"omnimath54"	"0"
"omnimath542"	"0"
"omnimath546"	"1"
"omnimath55"	"0"
"omnimath550"	"0"
"omnimath556"	"3"
"omnimath559"	"0"
"omnimath56"	"0"
"omnimath562"	"0"
"omnimath564"	"0"
"omnimath565"	"0"
"omnimath567"	"0"
"omnimath57"	"0"
"omnimath571"	"0"
"omnimath572"	"0"
"omnimath573"	"0"
"omnimath576"	"0"
"omnimath577"	"0"
"omnimath578"	"0"
"omnimath58"	"2"
"omnimath584"	"0"
"omnimath585"	"0"
"omnimath589"	"2"
"omnimath59"	"0"
"omnimath591"	"0"
"omnimath597"	"0"
"omnimath600"	"0"
"omnimath601"	"0"
"omnimath603"	"0"
"omnimath607"	"0"
"omnimath61"	"0"
"omnimath616"	"0"
"omnimath619"	"0"
"omnimath621"	"0"
"omnimath622"	"0"
"omnimath626"	"0"
"omnimath628"	"0"
"omnimath629"	"0"
"omnimath63"	"0"
"omnimath631"	"0"
"omnimath633"	"0"
"omnimath637"	"0"
"omnimath638"	"0"
"omnimath639"	"0"
"omnimath64"	"0"
"omnimath644"	"0"
"omnimath645"	"3"
"omnimath647"	"0"
"omnimath65"	"0"
"omnimath652"	"0"
"omnimath653"	"0"
"omnimath654"	"0"
"omnimath656"	"0"
"omnimath657"	"0"
"omnimath658"	"0"
"omnimath659"	"0"
"omnimath66"	"0"
"omnimath664"	"0"
"omnimath667"	"0"
"omnimath668"	"0"
"omnimath673"	"0"
"omnimath676"	"0"
"omnimath677"	"0"
"omnimath68"	"0"
"omnimath682"	"0"
"omnimath685"	"0"
"omnimath686"	"0"
"omnimath688"	"0"
"omnimath689"	"0"
"omnimath691"	"0"
"omnimath693"	"0"
"omnimath695"	"0"
"omnimath697"	"0"
"omnimath698"	"0"
"omnimath70"	"0"
"omnimath701"	"0"
"omnimath703"	"0"
"omnimath710"	"0"
"omnimath713"	"0"
"omnimath714"	"0"
"omnimath715"	"0"
"omnimath716"	"0"
"omnimath72"	"0"
"omnimath720"	"0"
"omnimath726"	"0"
"omnimath729"	"0"
"omnimath73"	"0"
"omnimath731"	"0"
"omnimath733"	"0"
"omnimath738"	"0"
"omnimath740"	"0"
"omnimath741"	"0"
"omnimath742"	"0"
"omnimath744"	"1"
"omnimath745"	"0"
"omnimath748"	"0"
"omnimath75"	"0"
"omnimath752"	"0"
"omnimath753"	"0"
"omnimath754"	"0"
"omnimath755"	"0"
"omnimath757"	"0"
"omnimath759"	"0"
"omnimath76"	"0"
"omnimath761"	"0"
"omnimath762"	"0"
"omnimath765"	"0"
"omnimath768"	"0"
"omnimath769"	"0"
"omnimath77"	"0"
"omnimath771"	"0"
"omnimath773"	"0"
"omnimath775"	"0"
"omnimath778"	"0"
"omnimath78"	"0"
"omnimath782"	"0"
"omnimath784"	"2"
"omnimath785"	"0"
"omnimath786"	"0"
"omnimath789"	"0"
"omnimath79"	"0"
"omnimath790"	"0"
"omnimath792"	"0"
"omnimath793"	"0"
"omnimath796"	"0"
"omnimath798"	"0"
"omnimath80"	"0"
"omnimath802"	"0"
"omnimath803"	"0"
"omnimath804"	"0"
"omnimath805"	"0"
"omnimath809"	"0"
"omnimath813"	"0"
"omnimath814"	"0"
"omnimath816"	"0"
"omnimath817"	"0"
"omnimath819"	"0"
"omnimath83"	"0"
"omnimath830"	"0"
"omnimath832"	"0"
"omnimath834"	"0"
"omnimath836"	"0"
"omnimath837"	"0"
"omnimath84"	"0"
"omnimath841"	"0"
"omnimath842"	"0"
"omnimath843"	"0"
"omnimath844"	"0"
"omnimath85"	"0"
"omnimath852"	"0"
"omnimath853"	"0"
"omnimath854"	"0"
"omnimath858"	"0"
"omnimath859"	"0"
"omnimath86"	"0"
"omnimath860"	"0"
"omnimath865"	"0"
"omnimath87"	"0"
"omnimath870"	"1"
"omnimath871"	"0"
"omnimath874"	"0"
"omnimath876"	"0"
"omnimath877"	"0"
"omnimath88"	"0"
"omnimath881"	"0"
"omnimath885"	"0"
"omnimath888"	"0"
"omnimath889"	"0"
"omnimath89"	"0"
"omnimath890"	"0"
"omnimath891"	"0"
"omnimath892"	"0"
"omnimath893"	"1"
"omnimath894"	"0"
"omnimath896"	"0"
"omnimath897"	"0"
"omnimath899"	"0"
"omnimath900"	"0"
"omnimath902"	"0"
"omnimath903"	"0"
"omnimath904"	"0"
"omnimath906"	"0"
"omnimath907"	"0"
"omnimath908"	"0"
"omnimath913"	"0"
"omnimath914"	"0"
"omnimath915"	"0"
"omnimath917"	"0"
"omnimath920"	"2"
"omnimath921"	"0"
"omnimath926"	"0"
"omnimath928"	"0"
"omnimath929"	"0"
"omnimath931"	"0"
"omnimath932"	"0"
"omnimath939"	"0"
"omnimath94"	"0"
"omnimath940"	"0"
"omnimath946"	"0"
"omnimath947"	"0"
"omnimath949"	"0"
"omnimath950"	"0"
"omnimath954"	"0"
"omnimath955"	"0"
"omnimath957"	"0"
"omnimath958"	"0"
"omnimath96"	"0"
"omnimath964"	"0"
"omnimath965"	"0"
"omnimath966"	"0"
"omnimath968"	"0"
"omnimath970"	"0"
"omnimath973"	"4"
"omnimath975"	"0"
"omnimath979"	"0"
"omnimath98"	"0"
"omnimath980"	"0"
"omnimath982"	"0"
"omnimath985"	"0"
"omnimath987"	"0"
"omnimath989"	"0"
"omnimath990"	"0"
"omnimath991"	"0"
"omnimath993"	"0"
"omnimath994"	"0"
"omnimath995"	"0"
"omnimath998"	"0"
